Exon_ID I1 S1 I2 S2 lI lS
1 0,0,0,0,0,0,0,0,0,0,0,0,0,0,0,0,0,0,0,0,0,0,0,0,0,0,0,0,0,0,0,0,0,0,0,0,0,0,0,0,0,0,0,0,0,0,0,0,0,0 3,0,4,6,0,0,5,4,0,0,2,0,9,4,0,0,3,0,9,4,7,15,8,7,6,0,0,6,4,0,6,2,3,6,0,0,2,4,18,8,2,9,7,3,7,0,6,5,0,4 0,0,0,0,4,0,2,0,2,0,0,0,0,0,4,7,0,3,0,0,5,0,0,0,0,5,0,0,2,3,0,0,0,8,0,10,3,0,2,0,0,4,0,5,2,0,0,14,0,0 19,19,14,21,23,10,12,19,14,16,8,12,19,26,21,51,20,27,9,15,40,15,31,19,36,51,0,12,12,7,14,19,11,38,36,34,26,16,30,11,11,11,12,16,22,24,2,20,68,14 2 1
2 5,0,0,0,0,4,0,0,0,0,5,0,2,4,0,4,0,0,4,4,6,13,0,0,12,0,5,6,8,0,0,6,0,5,5,0,0,0,2,0,0,5,0,0,7,0,0,0,3,3 0,0,0,0,0,0,0,0,0,0,1,0,0,0,0,0,0,0,0,0,0,0,0,0,0,0,0,0,0,0,0,0,0,0,0,0,0,0,0,0,0,0,0,0,0,0,0,0,0,0 16,37,15,22,35,15,27,15,6,19,9,8,27,8,12,52,24,21,6,9,44,26,36,4,41,70,0,13,0,14,4,16,9,61,38,44,37,21,35,17,24,3,7,29,22,25,5,36,56,0 0,2,0,4,1,0,0,5,0,0,0,0,1,0,2,16,0,3,0,0,1,1,1,4,4,5,0,2,0,0,0,2,0,6,5,4,0,0,0,0,3,0,0,3,0,9,0,3,0,3 2 1
3 2,0,13,4,0,14,0,5,6,6,0,0,5,8,0,0,4,16,4,14,10,0,4,6,19,7,4,26,0,6,15,5,8,12,6,3,16,18,10,9,0,8,14,0,14,0,0,9,10,7 0,0,0,0,0,0,0,0,0,0,0,0,0,0,0,0,0,0,0,0,0,0,0,0,0,0,0,0,0,0,0,0,0,0,0,0,0,0,0,0,0,0,0,0,0,0,0,1,0,0 20,63,33,39,33,13,16,26,16,25,14,4,27,44,36,111,31,37,11,38,95,30,46,21,92,113,4,20,13,23,20,30,19,74,60,50,51,29,65,35,39,30,39,42,29,52,8,58,97,11 0,0,0,2,1,0,0,1,0,0,0,0,0,0,0,0,0,0,0,0,0,0,0,0,0,0,0,0,0,0,0,0,0,0,2,0,0,0,0,0,0,0,0,0,0,1,0,0,2,0 2 1
4 92,0,24,37,30,66,77,48,69,48,25,10,13,33,67,43,214,48,23,29,41,43,47,50,135,120,38,37,23,38,70,52,20,27,56,22,27,43,49,75,23,87,103,33,44,30,26,56,78,29 NA,NA,NA,NA,NA,NA,NA,NA,NA,NA,NA,NA,NA,NA,NA,NA,NA,NA,NA,NA,NA,NA,NA,NA,NA,NA,NA,NA,NA,NA,NA,NA,NA,NA,NA,NA,NA,NA,NA,NA,NA,NA,NA,NA,NA,NA,NA,NA,NA,NA 121,0,20,29,22,26,261,24,22,45,49,157,22,4,30,156,21,129,75,33,10,74,77,17,0,47,16,98,82,66,20,48,77,43,24,32,0,34,18,88,48,27,28,101,69,41,47,37,26,11 NA,NA,NA,NA,NA,NA,NA,NA,NA,NA,NA,NA,NA,NA,NA,NA,NA,NA,NA,NA,NA,NA,NA,NA,NA,NA,NA,NA,NA,NA,NA,NA,NA,NA,NA,NA,NA,NA,NA,NA,NA,NA,NA,NA,NA,NA,NA,NA,NA,NA 1 0
5 671,327,237,360,336,332,393,523,221,347,255,124,369,376,333,332,714,482,466,512,325,439,507,413,1029,420,138,527,399,368,358,230,183,327,579,344,155,609,965,390,365,229,933,494,386,190,214,661,295,292 0,1,0,9,13,8,0,4,4,0,3,0,4,11,4,7,0,0,3,6,0,0,2,4,5,0,0,4,0,2,1,5,0,6,7,0,1,4,0,0,0,0,4,10,0,5,0,7,0,0 289,633,490,707,1266,255,1353,1332,641,658,559,576,423,489,508,523,444,830,552,635,291,2586,1651,1024,339,937,173,688,971,415,705,540,760,715,520,260,206,695,587,494,1031,712,421,548,486,480,379,844,389,528 0,0,7,0,29,0,8,23,10,0,5,4,6,27,16,8,5,8,8,11,7,54,10,7,3,11,4,5,22,6,18,13,21,19,5,6,0,8,8,4,10,10,0,18,9,7,8,10,3,16 2 1
6 1853,855,130,847,993,2567,85,475,32,430,171,134,556,394,360,461,476,1597,491,762,67,867,720,1048,2181,805,412,492,127,1011,317,552,455,749,854,884,614,1928,524,514,780,127,2741,2057,168,952,1017,754,78,97 582,196,33,221,319,1017,64,136,13,172,37,60,143,180,99,135,153,553,123,211,14,414,355,303,971,329,181,192,31,332,84,175,145,219,271,239,210,783,269,215,201,42,1912,554,28,257,278,212,36,24 0,230,4,0,15,11,8,0,26,9,8,154,0,43,14,0,28,19,0,0,0,13,29,0,13,7,17,218,67,37,7,12,52,2,136,2,20,0,2,24,25,4,6,26,11,24,0,3,3,67 0,75,3,0,13,0,0,0,7,4,0,140,0,54,13,0,30,5,0,0,0,0,17,0,4,0,25,82,19,8,0,10,27,0,49,0,4,0,0,16,11,2,7,8,3,17,0,0,0,17 2 1
7 0,0,0,0,0,0,0,0,0,0,0,0,0,0,0,0,0,0,0,0,0,0,0,0,0,0,0,0,0,0,0,0,0,0,0,0,0,0,0,0,0,0,0,0,0,0,0,0,0,0 NA,NA,NA,NA,NA,NA,NA,NA,NA,NA,NA,NA,NA,NA,NA,NA,NA,NA,NA,NA,NA,NA,NA,NA,NA,NA,NA,NA,NA,NA,NA,NA,NA,NA,NA,NA,NA,NA,NA,NA,NA,NA,NA,NA,NA,NA,NA,NA,NA,NA 102,32,0,7,163,48,0,22,4,0,0,0,0,73,0,110,63,58,0,78,54,88,30,0,123,30,0,0,26,4,31,0,0,0,84,123,62,97,23,10,171,0,16,120,38,43,3,0,120,0 NA,NA,NA,NA,NA,NA,NA,NA,NA,NA,NA,NA,NA,NA,NA,NA,NA,NA,NA,NA,NA,NA,NA,NA,NA,NA,NA,NA,NA,NA,NA,NA,NA,NA,NA,NA,NA,NA,NA,NA,NA,NA,NA,NA,NA,NA,NA,NA,NA,NA 2 0
8 0,0,0,0,0,0,0,0,0,0,0,0,0,0,0,0,0,0,0,0,0,0,0,0,0,0,0,0,0,0,0,0,0,0,0,0,0,0,0,0,0,0,0,0,0,0,0,0,0,0 NA,NA,NA,NA,NA,NA,NA,NA,NA,NA,NA,NA,NA,NA,NA,NA,NA,NA,NA,NA,NA,NA,NA,NA,NA,NA,NA,NA,NA,NA,NA,NA,NA,NA,NA,NA,NA,NA,NA,NA,NA,NA,NA,NA,NA,NA,NA,NA,NA,NA 29,8,0,0,28,12,0,4,0,0,0,0,0,7,0,44,18,14,0,38,13,22,8,0,25,11,0,0,6,0,0,0,0,0,23,32,16,26,0,0,44,0,4,34,23,23,0,0,56,0 NA,NA,NA,NA,NA,NA,NA,NA,NA,NA,NA,NA,NA,NA,NA,NA,NA,NA,NA,NA,NA,NA,NA,NA,NA,NA,NA,NA,NA,NA,NA,NA,NA,NA,NA,NA,NA,NA,NA,NA,NA,NA,NA,NA,NA,NA,NA,NA,NA,NA 1 0
9 0,0,0,0,0,0,0,0,0,0,0,0,0,0,0,0,0,0,0,0,0,0,0,0,0,0,0,0,0,0,0,0,0,0,0,0,0,0,0,0,0,0,0,0,0,0,0,0,0,0 NA,NA,NA,NA,NA,NA,NA,NA,NA,NA,NA,NA,NA,NA,NA,NA,NA,NA,NA,NA,NA,NA,NA,NA,NA,NA,NA,NA,NA,NA,NA,NA,NA,NA,NA,NA,NA,NA,NA,NA,NA,NA,NA,NA,NA,NA,NA,NA,NA,NA 29,8,0,0,28,12,0,4,0,0,0,0,0,7,0,44,18,14,0,38,13,22,8,0,25,11,0,0,6,0,0,0,0,0,23,32,16,26,0,0,44,0,4,34,27,23,0,0,56,0 NA,NA,NA,NA,NA,NA,NA,NA,NA,NA,NA,NA,NA,NA,NA,NA,NA,NA,NA,NA,NA,NA,NA,NA,NA,NA,NA,NA,NA,NA,NA,NA,NA,NA,NA,NA,NA,NA,NA,NA,NA,NA,NA,NA,NA,NA,NA,NA,NA,NA 2 0
10 0,0,0,0,0,0,0,0,0,0,0,0,0,0,0,0,0,0,0,0,0,0,0,0,0,0,0,0,0,0,0,0,0,0,0,0,0,0,0,0,0,0,0,0,0,0,0,0,0,0 0,0,0,0,0,0,0,0,0,0,0,0,0,0,0,0,0,0,0,0,0,0,0,0,0,0,0,0,0,0,0,0,0,0,0,0,0,0,0,0,0,0,0,0,0,0,0,0,0,0 15,0,0,0,31,0,0,0,0,0,0,0,0,5,0,18,2,6,0,18,3,16,4,0,13,10,0,0,0,0,0,0,0,0,15,22,8,8,0,0,25,0,0,28,17,0,0,0,12,0 10,0,4,0,33,9,0,0,0,0,0,0,0,19,0,26,10,7,0,22,16,18,0,0,26,14,0,0,7,0,9,0,0,0,24,35,9,12,5,0,28,0,0,31,20,9,0,0,37,0 2 1
11 65,110,40,84,71,108,77,50,35,97,54,29,90,62,86,57,108,50,48,104,85,53,54,108,83,56,49,47,22,99,68,41,41,32,72,42,83,58,119,45,52,99,89,93,71,55,40,58,38,93 NA,NA,NA,NA,NA,NA,NA,NA,NA,NA,NA,NA,NA,NA,NA,NA,NA,NA,NA,NA,NA,NA,NA,NA,NA,NA,NA,NA,NA,NA,NA,NA,NA,NA,NA,NA,NA,NA,NA,NA,NA,NA,NA,NA,NA,NA,NA,NA,NA,NA 45,65,140,146,48,71,195,58,32,80,60,35,126,47,149,96,85,83,70,106,36,51,109,73,128,219,38,58,88,88,152,59,38,126,119,24,126,60,98,187,128,136,38,110,62,149,87,183,60,131 NA,NA,NA,NA,NA,NA,NA,NA,NA,NA,NA,NA,NA,NA,NA,NA,NA,NA,NA,NA,NA,NA,NA,NA,NA,NA,NA,NA,NA,NA,NA,NA,NA,NA,NA,NA,NA,NA,NA,NA,NA,NA,NA,NA,NA,NA,NA,NA,NA,NA 1 0
12 124,180,98,146,108,161,178,145,121,142,125,42,193,112,145,128,253,104,143,214,148,121,130,233,237,124,79,141,66,215,145,96,79,112,132,111,106,119,213,117,73,239,177,143,108,101,87,149,102,139 NA,NA,NA,NA,NA,NA,NA,NA,NA,NA,NA,NA,NA,NA,NA,NA,NA,NA,NA,NA,NA,NA,NA,NA,NA,NA,NA,NA,NA,NA,NA,NA,NA,NA,NA,NA,NA,NA,NA,NA,NA,NA,NA,NA,NA,NA,NA,NA,NA,NA 123,165,217,196,101,121,496,99,115,192,82,83,149,161,351,270,280,226,118,186,99,116,331,214,520,480,63,160,161,256,278,151,139,304,326,111,262,168,285,416,312,378,126,152,176,259,236,356,232,213 NA,NA,NA,NA,NA,NA,NA,NA,NA,NA,NA,NA,NA,NA,NA,NA,NA,NA,NA,NA,NA,NA,NA,NA,NA,NA,NA,NA,NA,NA,NA,NA,NA,NA,NA,NA,NA,NA,NA,NA,NA,NA,NA,NA,NA,NA,NA,NA,NA,NA 2 0
13 154,184,97,203,174,229,226,167,139,176,136,61,220,180,193,136,310,135,157,261,183,140,156,254,276,178,125,175,96,263,198,121,109,135,173,129,152,138,281,147,104,275,249,195,133,147,128,198,121,158 NA,NA,NA,NA,NA,NA,NA,NA,NA,NA,NA,NA,NA,NA,NA,NA,NA,NA,NA,NA,NA,NA,NA,NA,NA,NA,NA,NA,NA,NA,NA,NA,NA,NA,NA,NA,NA,NA,NA,NA,NA,NA,NA,NA,NA,NA,NA,NA,NA,NA 144,250,253,254,144,185,587,149,144,226,120,106,231,200,442,299,401,242,173,235,111,155,463,223,705,584,94,179,206,326,350,189,151,382,382,134,371,225,379,583,385,438,149,216,218,370,340,491,285,272 NA,NA,NA,NA,NA,NA,NA,NA,NA,NA,NA,NA,NA,NA,NA,NA,NA,NA,NA,NA,NA,NA,NA,NA,NA,NA,NA,NA,NA,NA,NA,NA,NA,NA,NA,NA,NA,NA,NA,NA,NA,NA,NA,NA,NA,NA,NA,NA,NA,NA 2 0
14 75,90,48,127,109,122,129,81,63,94,63,33,108,118,105,70,155,77,69,137,94,67,78,124,128,105,67,72,51,137,111,65,61,66,92,68,89,73,148,70,61,138,141,109,67,86,69,102,62,84 NA,NA,NA,NA,NA,NA,NA,NA,NA,NA,NA,NA,NA,NA,NA,NA,NA,NA,NA,NA,NA,NA,NA,NA,NA,NA,NA,NA,NA,NA,NA,NA,NA,NA,NA,NA,NA,NA,NA,NA,NA,NA,NA,NA,NA,NA,NA,NA,NA,NA 70,151,134,153,82,110,292,89,78,105,74,58,149,106,219,156,219,104,110,121,55,80,254,116,377,303,60,83,112,149,184,107,71,193,185,61,211,118,196,311,211,215,66,117,107,217,198,267,131,153 NA,NA,NA,NA,NA,NA,NA,NA,NA,NA,NA,NA,NA,NA,NA,NA,NA,NA,NA,NA,NA,NA,NA,NA,NA,NA,NA,NA,NA,NA,NA,NA,NA,NA,NA,NA,NA,NA,NA,NA,NA,NA,NA,NA,NA,NA,NA,NA,NA,NA 1 0
15 0,0,0,0,0,0,0,0,0,0,0,0,0,0,0,0,0,0,0,0,0,0,0,0,0,0,0,0,0,0,0,0,0,0,0,0,0,0,0,0,0,0,0,0,0,0,0,0,0,0 0,0,0,0,0,0,0,0,0,0,0,0,0,0,0,0,0,0,0,0,0,0,0,0,0,0,0,0,0,0,0,0,0,0,0,0,0,0,0,0,0,0,0,0,0,0,0,0,0,0 0,0,0,0,0,0,0,0,0,0,0,0,0,0,0,0,0,0,0,0,0,0,0,0,0,0,0,0,0,0,0,0,0,0,0,0,0,0,0,0,0,0,0,0,0,0,0,0,0,0 0,0,0,0,0,0,0,0,0,0,0,0,0,0,0,0,0,0,0,0,0,0,0,0,0,0,0,0,0,0,0,0,0,0,0,0,0,0,0,0,0,0,0,0,0,0,0,0,0,0 2 1
16 0,0,0,0,0,0,0,0,0,0,0,0,0,0,0,0,0,0,0,0,0,0,0,0,0,0,0,0,0,0,0,0,0,0,0,0,0,0,0,0,0,2,0,0,2,0,0,0,2,0 397,376,332,374,219,369,341,413,247,418,255,408,447,333,230,362,947,603,779,433,500,478,1673,539,874,550,228,819,384,418,339,254,201,530,461,201,200,733,460,707,176,442,903,283,437,272,180,760,584,268 0,0,0,0,2,0,0,2,0,0,0,0,0,0,0,0,0,0,0,0,0,3,2,0,0,0,0,0,0,0,0,0,0,0,0,0,2,0,0,3,4,0,0,0,0,0,0,0,0,0 366,1878,769,1196,670,679,650,1138,448,1380,857,666,498,623,1239,1022,766,1607,872,1042,667,2215,1620,1516,1325,1723,218,680,1642,857,948,1229,797,2371,1802,549,1290,2049,1872,1443,994,802,885,858,780,1860,625,983,861,694 2 1
17 7,0,0,9,0,2,4,0,3,0,4,0,2,0,0,0,6,7,10,4,0,8,11,2,22,2,0,16,0,2,0,0,0,0,4,6,0,0,5,10,0,5,5,2,3,0,0,7,3,0 207,125,155,140,125,135,162,203,68,213,140,87,163,149,95,129,388,228,299,234,196,236,372,286,491,213,113,338,178,174,149,144,126,172,220,144,94,313,336,198,129,155,367,193,150,147,108,344,134,134 0,0,0,3,0,0,0,8,4,0,3,0,2,0,0,7,2,8,3,0,0,10,10,2,0,3,3,3,7,0,0,2,8,5,0,0,0,0,0,4,0,0,3,5,2,0,0,8,8,3 186,68,94,116,71,80,254,208,194,176,138,107,141,84,87,69,101,264,179,147,82,148,314,153,121,212,80,164,170,182,80,181,138,316,134,96,89,192,61,135,137,255,114,173,184,182,134,194,255,112 2 1
18 551,396,408,404,349,401,393,547,203,497,408,223,411,381,201,315,990,654,685,576,470,621,969,703,1221,534,235,771,429,450,492,379,330,464,596,379,255,792,999,531,342,445,968,518,382,408,304,841,362,284 3,0,5,0,2,1,2,1,0,3,4,0,0,3,2,0,4,3,6,0,0,5,6,0,3,9,2,6,1,1,4,2,0,4,2,2,2,4,1,0,0,0,1,4,1,2,0,6,3,0 535,210,278,267,205,281,570,503,442,402,324,253,453,224,227,156,250,557,450,390,233,447,839,389,248,450,225,419,417,496,237,395,372,844,314,169,199,507,175,375,308,625,321,398,386,412,278,497,746,306 10,1,11,0,4,1,5,1,1,2,3,4,0,2,2,5,1,6,2,0,2,0,9,6,0,4,1,0,0,2,5,4,2,5,1,2,1,6,0,0,0,1,0,2,0,10,4,7,2,6 2 1
19 9,2,0,0,4,6,0,5,6,8,0,4,5,7,0,3,16,7,0,0,6,11,10,6,15,13,0,0,5,5,10,2,5,0,2,6,5,0,16,5,4,10,17,3,10,5,3,6,0,11 NA,NA,NA,NA,NA,NA,NA,NA,NA,NA,NA,NA,NA,NA,NA,NA,NA,NA,NA,NA,NA,NA,NA,NA,NA,NA,NA,NA,NA,NA,NA,NA,NA,NA,NA,NA,NA,NA,NA,NA,NA,NA,NA,NA,NA,NA,NA,NA,NA,NA 9,20,14,25,10,3,45,12,21,13,4,8,13,2,7,24,30,11,11,44,9,33,25,58,18,42,0,9,12,19,7,7,4,41,3,14,13,10,0,0,14,3,6,12,10,12,8,9,20,5 NA,NA,NA,NA,NA,NA,NA,NA,NA,NA,NA,NA,NA,NA,NA,NA,NA,NA,NA,NA,NA,NA,NA,NA,NA,NA,NA,NA,NA,NA,NA,NA,NA,NA,NA,NA,NA,NA,NA,NA,NA,NA,NA,NA,NA,NA,NA,NA,NA,NA 2 0
20 0,0,0,0,0,0,0,0,0,0,0,0,0,0,0,0,0,0,0,0,0,0,0,0,0,0,0,0,0,0,0,0,0,0,0,0,0,0,0,0,0,0,0,0,0,0,0,0,0,0 0,0,0,0,0,0,0,0,0,0,0,0,0,0,0,0,0,0,0,0,0,0,0,0,0,0,0,0,0,0,0,0,0,0,0,0,0,0,0,0,0,0,0,0,0,0,0,0,0,0 0,0,0,0,0,0,0,0,0,0,0,0,0,0,0,0,0,0,0,0,0,0,0,0,0,0,0,0,0,0,0,0,0,0,0,0,0,0,0,0,0,0,0,0,0,0,0,0,0,0 0,0,0,0,0,0,0,0,0,0,0,0,0,0,0,0,0,22,0,36,0,18,0,20,27,0,0,0,0,0,0,0,0,33,0,23,0,0,0,0,0,0,0,19,0,15,0,14,0,0 1 1
21 8,0,0,2,4,15,5,11,0,13,2,8,20,8,0,6,29,17,16,10,6,6,23,10,22,18,0,16,13,11,12,4,8,5,7,0,10,15,39,17,0,9,21,18,14,3,3,20,8,9 0,0,0,0,0,0,0,0,0,0,0,0,0,0,0,0,2,0,0,2,0,2,0,0,2,0,0,1,2,1,0,0,2,0,0,0,0,1,2,2,0,3,0,0,0,0,0,0,1,0 23,30,20,45,19,14,51,18,26,29,12,20,25,17,18,29,19,40,21,44,14,36,69,62,47,51,0,23,22,19,0,17,31,51,17,41,21,22,11,0,25,16,3,22,32,22,18,23,42,12 1,0,1,0,2,0,2,2,0,1,0,0,0,0,0,4,0,1,0,3,0,0,1,2,5,3,0,1,2,4,0,2,1,6,0,1,0,0,0,0,1,1,0,1,3,0,1,1,1,0 2 1
22 8,8,0,13,6,20,16,7,6,7,4,2,7,0,8,0,16,12,12,14,14,12,6,13,21,19,0,23,5,7,12,10,6,4,8,9,5,23,20,4,3,22,20,4,10,8,11,13,4,13 0,0,0,3,0,1,1,2,0,0,0,0,0,4,1,0,0,2,0,2,2,1,0,0,0,0,0,0,0,0,1,0,0,0,0,0,0,0,1,0,0,3,2,0,0,0,0,1,0,0 44,11,15,12,20,6,27,4,2,19,0,6,15,2,6,25,18,10,6,42,15,18,39,34,20,141,0,16,20,19,4,5,27,29,14,20,24,7,0,10,51,5,2,34,13,6,5,6,24,7 0,0,0,1,0,0,0,0,0,0,0,0,0,0,0,1,0,0,0,3,0,1,1,1,0,2,0,0,3,1,0,0,0,0,0,2,2,0,0,0,5,0,0,2,0,0,0,0,6,0 2 1
23 17,8,0,16,6,31,15,10,4,17,14,0,12,20,11,4,26,7,23,13,8,27,20,18,50,15,4,35,13,16,23,14,7,21,8,0,9,30,31,21,0,19,32,13,6,14,9,13,15,12 NA,NA,NA,NA,NA,NA,NA,NA,NA,NA,NA,NA,NA,NA,NA,NA,NA,NA,NA,NA,NA,NA,NA,NA,NA,NA,NA,NA,NA,NA,NA,NA,NA,NA,NA,NA,NA,NA,NA,NA,NA,NA,NA,NA,NA,NA,NA,NA,NA,NA 26,40,41,57,27,20,64,21,32,32,8,28,26,25,15,47,31,41,29,75,23,34,78,81,52,48,9,17,41,34,12,32,30,69,17,36,29,39,6,14,51,13,13,48,23,29,23,29,50,13 NA,NA,NA,NA,NA,NA,NA,NA,NA,NA,NA,NA,NA,NA,NA,NA,NA,NA,NA,NA,NA,NA,NA,NA,NA,NA,NA,NA,NA,NA,NA,NA,NA,NA,NA,NA,NA,NA,NA,NA,NA,NA,NA,NA,NA,NA,NA,NA,NA,NA 2 0
24 NA,NA,NA,NA,NA,NA,NA,NA,NA,NA,NA,NA,NA,NA,NA,NA,NA,NA,NA,NA,NA,NA,NA,NA,NA,NA,NA,NA,NA,NA,NA,NA,NA,NA,NA,NA,NA,NA,NA,NA,NA,NA,NA,NA,NA,NA,NA,NA,NA,NA 15,17,15,23,5,12,20,26,14,22,8,11,29,14,12,13,41,8,13,27,18,36,18,30,48,18,8,24,10,21,29,16,15,18,11,8,9,33,49,25,5,27,53,13,22,12,9,26,14,7 NA,NA,NA,NA,NA,NA,NA,NA,NA,NA,NA,NA,NA,NA,NA,NA,NA,NA,NA,NA,NA,NA,NA,NA,NA,NA,NA,NA,NA,NA,NA,NA,NA,NA,NA,NA,NA,NA,NA,NA,NA,NA,NA,NA,NA,NA,NA,NA,NA,NA 0,7,13,5,17,6,21,25,12,20,16,6,15,18,34,15,11,19,2,11,17,15,17,24,23,22,4,7,4,11,17,12,7,15,28,10,15,13,20,11,17,12,11,31,19,21,7,10,26,5 0 1
25 42,37,36,36,20,31,37,56,31,37,8,26,61,35,12,13,97,30,48,60,34,80,59,55,106,46,14,85,40,62,64,41,30,40,37,30,32,81,88,72,13,59,95,36,45,12,27,71,41,33 NA,NA,NA,NA,NA,NA,NA,NA,NA,NA,NA,NA,NA,NA,NA,NA,NA,NA,NA,NA,NA,NA,NA,NA,NA,NA,NA,NA,NA,NA,NA,NA,NA,NA,NA,NA,NA,NA,NA,NA,NA,NA,NA,NA,NA,NA,NA,NA,NA,NA 11,34,32,23,39,10,48,46,42,34,28,13,42,28,77,45,29,73,15,49,50,46,78,63,54,61,4,31,4,27,40,46,32,72,67,19,33,41,52,31,32,31,28,60,45,47,15,28,56,10 NA,NA,NA,NA,NA,NA,NA,NA,NA,NA,NA,NA,NA,NA,NA,NA,NA,NA,NA,NA,NA,NA,NA,NA,NA,NA,NA,NA,NA,NA,NA,NA,NA,NA,NA,NA,NA,NA,NA,NA,NA,NA,NA,NA,NA,NA,NA,NA,NA,NA 2 0
26 NA,NA,NA,NA,NA,NA,NA,NA,NA,NA,NA,NA,NA,NA,NA,NA,NA,NA,NA,NA,NA,NA,NA,NA,NA,NA,NA,NA,NA,NA,NA,NA,NA,NA,NA,NA,NA,NA,NA,NA,NA,NA,NA,NA,NA,NA,NA,NA,NA,NA 33,42,28,44,19,37,26,33,19,25,17,21,71,22,23,25,66,34,50,51,38,55,49,41,70,39,25,59,27,37,63,29,14,30,33,32,30,49,47,41,16,47,93,33,49,37,15,60,36,45 NA,NA,NA,NA,NA,NA,NA,NA,NA,NA,NA,NA,NA,NA,NA,NA,NA,NA,NA,NA,NA,NA,NA,NA,NA,NA,NA,NA,NA,NA,NA,NA,NA,NA,NA,NA,NA,NA,NA,NA,NA,NA,NA,NA,NA,NA,NA,NA,NA,NA 9,43,35,35,37,24,40,35,36,21,16,17,37,10,66,37,45,59,16,38,37,24,73,47,59,46,7,31,20,14,45,32,26,69,48,19,37,26,43,42,25,23,26,69,46,51,19,24,42,7 0 1
27 67,87,49,61,26,60,61,54,31,49,32,27,111,46,31,30,85,64,54,86,65,88,85,50,122,48,28,89,56,56,78,44,34,51,50,31,50,71,164,73,29,66,127,67,69,48,38,103,44,40 NA,NA,NA,NA,NA,NA,NA,NA,NA,NA,NA,NA,NA,NA,NA,NA,NA,NA,NA,NA,NA,NA,NA,NA,NA,NA,NA,NA,NA,NA,NA,NA,NA,NA,NA,NA,NA,NA,NA,NA,NA,NA,NA,NA,NA,NA,NA,NA,NA,NA 35,49,73,55,76,50,71,72,54,42,43,32,59,20,97,54,46,97,28,51,74,74,137,105,116,85,14,54,30,30,96,49,33,119,81,31,58,54,49,93,55,39,52,125,62,75,25,61,65,29 NA,NA,NA,NA,NA,NA,NA,NA,NA,NA,NA,NA,NA,NA,NA,NA,NA,NA,NA,NA,NA,NA,NA,NA,NA,NA,NA,NA,NA,NA,NA,NA,NA,NA,NA,NA,NA,NA,NA,NA,NA,NA,NA,NA,NA,NA,NA,NA,NA,NA 2 0
28 81,32,4,61,35,46,59,41,37,26,16,16,47,39,68,66,174,70,76,112,53,94,192,101,313,105,21,152,15,139,49,15,9,78,30,20,23,67,266,46,15,52,94,18,26,45,23,60,69,36 0,0,0,15,4,20,0,16,0,0,0,28,8,0,7,19,65,22,30,10,14,37,20,30,37,19,0,23,31,11,25,0,16,12,0,0,13,46,47,0,0,0,8,27,0,16,0,0,11,0 5,0,13,0,3,2,22,0,14,12,5,0,2,36,4,6,3,24,23,10,5,6,15,21,4,16,0,13,4,62,0,14,13,32,11,0,6,11,8,19,0,0,13,3,18,6,14,5,10,0 0,0,0,0,0,0,0,0,0,0,0,0,0,0,0,0,0,0,10,0,0,0,0,5,0,0,0,0,0,8,0,2,0,0,0,0,0,0,0,0,0,0,0,0,0,0,0,0,0,0 2 1
29 96,174,53,105,30,41,48,79,37,24,51,18,60,62,75,43,94,96,61,120,24,73,77,99,135,107,56,70,101,118,40,22,29,73,125,42,40,154,218,32,35,34,104,89,112,64,47,48,24,54 NA,NA,NA,NA,NA,NA,NA,NA,NA,NA,NA,NA,NA,NA,NA,NA,NA,NA,NA,NA,NA,NA,NA,NA,NA,NA,NA,NA,NA,NA,NA,NA,NA,NA,NA,NA,NA,NA,NA,NA,NA,NA,NA,NA,NA,NA,NA,NA,NA,NA 0,15,5,0,0,0,18,2,13,5,18,17,0,0,0,0,0,18,2,5,0,0,0,0,0,0,0,20,0,11,0,5,9,8,0,6,5,10,0,3,0,0,0,0,24,0,0,0,0,0 NA,NA,NA,NA,NA,NA,NA,NA,NA,NA,NA,NA,NA,NA,NA,NA,NA,NA,NA,NA,NA,NA,NA,NA,NA,NA,NA,NA,NA,NA,NA,NA,NA,NA,NA,NA,NA,NA,NA,NA,NA,NA,NA,NA,NA,NA,NA,NA,NA,NA 2 0
30 83,140,51,88,30,35,39,57,39,23,41,15,54,52,59,41,73,77,61,108,22,59,65,87,105,103,55,70,71,100,35,19,20,58,104,33,43,140,178,27,42,24,76,78,97,53,40,36,20,44 NA,NA,NA,NA,NA,NA,NA,NA,NA,NA,NA,NA,NA,NA,NA,NA,NA,NA,NA,NA,NA,NA,NA,NA,NA,NA,NA,NA,NA,NA,NA,NA,NA,NA,NA,NA,NA,NA,NA,NA,NA,NA,NA,NA,NA,NA,NA,NA,NA,NA 0,6,0,0,0,0,16,0,6,0,9,11,0,0,0,0,0,12,0,0,0,0,0,0,0,0,0,14,0,4,4,0,3,3,0,4,0,7,0,3,0,0,0,0,24,0,0,0,0,0 NA,NA,NA,NA,NA,NA,NA,NA,NA,NA,NA,NA,NA,NA,NA,NA,NA,NA,NA,NA,NA,NA,NA,NA,NA,NA,NA,NA,NA,NA,NA,NA,NA,NA,NA,NA,NA,NA,NA,NA,NA,NA,NA,NA,NA,NA,NA,NA,NA,NA 2 0
31 85,131,41,119,25,43,0,57,31,20,52,24,71,68,50,30,105,102,88,95,11,56,75,71,130,90,37,81,69,58,35,22,32,60,95,41,39,122,157,25,41,38,115,82,50,47,53,37,27,37 NA,NA,NA,NA,NA,NA,NA,NA,NA,NA,NA,NA,NA,NA,NA,NA,NA,NA,NA,NA,NA,NA,NA,NA,NA,NA,NA,NA,NA,NA,NA,NA,NA,NA,NA,NA,NA,NA,NA,NA,NA,NA,NA,NA,NA,NA,NA,NA,NA,NA 0,4,5,0,0,0,10,0,0,0,15,8,0,0,3,0,0,6,0,0,0,3,0,0,0,0,0,0,0,0,0,0,4,4,0,8,0,0,0,3,0,0,0,0,15,0,0,0,0,0 NA,NA,NA,NA,NA,NA,NA,NA,NA,NA,NA,NA,NA,NA,NA,NA,NA,NA,NA,NA,NA,NA,NA,NA,NA,NA,NA,NA,NA,NA,NA,NA,NA,NA,NA,NA,NA,NA,NA,NA,NA,NA,NA,NA,NA,NA,NA,NA,NA,NA 2 0
32 16,16,2,45,2,12,8,54,27,30,15,4,30,17,24,16,20,30,38,66,0,11,19,80,43,28,13,48,8,0,12,8,0,22,24,6,14,95,116,17,3,8,35,63,15,3,32,11,2,12 45,74,15,40,10,9,14,16,19,0,19,8,28,24,17,11,51,32,41,32,10,20,35,21,62,79,19,9,35,35,12,12,9,32,59,23,19,36,40,19,12,15,40,16,44,19,19,24,8,28 0,4,0,0,0,0,2,0,4,2,0,0,0,0,0,0,0,2,0,0,0,0,0,0,0,0,0,4,0,0,0,0,0,0,0,0,0,0,4,0,0,0,0,0,0,0,0,0,0,0 0,4,0,0,4,0,0,0,0,0,6,4,0,0,0,0,0,0,0,0,0,0,0,0,0,0,0,0,0,5,0,0,6,0,0,4,0,0,0,4,0,0,0,0,8,0,0,0,0,0 2 1
33 16,9,46,56,49,45,47,103,23,81,62,79,109,180,24,10,134,51,574,132,268,88,94,98,248,53,4,137,35,28,70,42,33,43,57,41,31,136,120,151,24,45,146,41,65,26,24,103,107,37 0,0,0,0,0,0,0,0,0,2,0,2,0,0,1,0,1,0,2,0,0,1,3,0,8,1,0,3,0,0,3,0,0,0,3,0,0,0,0,2,0,0,0,0,0,0,0,4,1,0 0,9,12,16,0,0,53,14,58,26,16,10,18,0,13,11,0,16,9,21,8,8,15,63,3,27,2,30,4,18,0,28,17,22,0,6,10,90,4,44,0,4,0,10,32,16,25,0,20,12 0,0,1,1,0,0,3,0,5,0,0,0,0,0,5,0,0,0,0,0,0,2,0,8,0,0,0,0,0,0,0,0,0,0,0,0,0,6,0,4,0,2,0,1,2,0,1,0,0,0 2 1
34 47,13,121,67,76,64,34,76,35,73,57,87,97,141,21,14,204,110,541,124,343,83,199,156,244,100,24,120,49,90,92,36,29,70,129,35,50,162,126,185,36,47,214,44,59,58,39,196,152,45 20,8,36,31,21,23,41,41,10,34,51,33,59,84,13,5,96,37,259,78,198,41,88,70,98,27,10,67,31,33,46,28,17,27,45,24,24,49,87,66,20,33,107,29,35,40,16,86,68,16 5,18,32,44,0,5,42,15,55,21,32,37,29,3,45,24,17,25,29,22,3,27,46,92,12,33,8,33,7,33,29,21,25,60,2,0,18,111,4,164,0,12,4,29,34,30,38,15,32,5 6,13,20,23,7,0,23,6,22,19,17,12,18,3,18,11,8,18,12,8,6,11,24,37,3,19,10,27,7,20,12,19,14,26,3,4,10,41,0,45,0,8,0,16,19,24,19,11,13,0 2 1
35 0,0,0,0,11,0,5,12,0,3,0,9,5,0,0,0,22,2,12,0,7,0,19,7,15,6,0,0,2,4,4,0,2,7,0,5,0,22,12,8,0,2,6,0,3,2,3,20,18,7 37,15,75,43,38,47,51,66,15,36,45,64,108,113,21,8,115,83,527,108,331,65,121,89,126,52,9,127,25,34,73,33,20,24,67,28,24,106,122,125,20,31,131,26,47,34,29,140,124,42 0,0,0,24,0,0,12,2,11,0,0,0,3,0,5,5,0,6,3,0,0,0,4,40,2,0,0,0,0,3,7,2,0,0,0,4,0,52,0,42,0,0,0,4,6,0,4,0,5,0 9,6,39,25,0,0,34,12,41,22,20,18,29,0,15,0,3,28,17,14,6,18,19,39,5,32,0,14,3,16,4,17,12,31,6,5,18,56,4,61,0,5,4,15,24,28,27,6,18,7 2 1
36 38,22,13,37,11,23,15,26,7,21,11,9,36,12,14,15,36,28,27,30,25,38,27,32,47,27,15,22,21,33,28,22,13,19,29,10,16,38,33,23,9,23,52,26,22,18,7,35,9,22 NA,NA,NA,NA,NA,NA,NA,NA,NA,NA,NA,NA,NA,NA,NA,NA,NA,NA,NA,NA,NA,NA,NA,NA,NA,NA,NA,NA,NA,NA,NA,NA,NA,NA,NA,NA,NA,NA,NA,NA,NA,NA,NA,NA,NA,NA,NA,NA,NA,NA 22,29,17,27,35,26,49,38,30,41,10,12,41,15,53,64,24,48,11,31,34,121,42,20,33,112,5,22,45,57,36,18,23,88,20,23,42,36,65,29,59,39,9,20,31,23,13,29,21,15 NA,NA,NA,NA,NA,NA,NA,NA,NA,NA,NA,NA,NA,NA,NA,NA,NA,NA,NA,NA,NA,NA,NA,NA,NA,NA,NA,NA,NA,NA,NA,NA,NA,NA,NA,NA,NA,NA,NA,NA,NA,NA,NA,NA,NA,NA,NA,NA,NA,NA 2 0
37 0,0,0,7,2,10,6,0,0,9,4,2,16,7,0,0,0,15,0,14,7,7,0,3,6,8,4,4,5,4,18,9,0,0,3,0,0,9,18,8,2,4,9,6,0,0,0,14,3,0 0,0,0,0,0,0,0,0,0,0,0,0,0,0,0,0,0,0,0,0,0,0,0,0,0,0,0,0,0,0,0,0,0,0,0,0,0,0,0,0,0,0,0,0,0,0,0,0,0,0 13,12,15,0,11,8,16,22,9,5,6,5,12,0,6,39,5,13,0,7,7,37,15,6,12,27,0,10,15,7,9,4,10,23,2,0,17,0,11,9,0,7,0,7,0,10,2,9,11,0 0,0,0,0,0,0,26,0,0,0,0,0,0,0,19,0,0,0,0,0,0,0,0,0,0,0,0,0,0,0,0,0,0,0,0,0,22,0,0,0,19,13,0,0,0,0,0,0,0,0 2 1
38 7,0,5,0,51,84,36,13,0,249,21,55,8,0,8,2,106,0,11,5,0,2,350,916,270,583,0,0,0,124,0,25,0,14,21,400,720,166,0,25,0,0,62,0,17,4,10,0,19,0 1,0,0,0,10,0,5,0,0,19,0,8,2,0,2,2,18,0,3,0,0,0,41,44,39,178,0,0,0,7,0,2,0,0,5,32,41,26,0,2,0,0,22,0,0,0,2,0,3,0 235,32,0,0,13,0,0,0,0,0,23,55,2,0,14,0,0,10,13,0,0,2,186,0,0,17,0,0,0,16,3,11,0,0,0,7,0,40,0,27,0,0,10,0,67,0,0,3,0,0 8,0,0,0,0,0,0,0,0,0,0,0,0,0,0,0,0,0,0,0,0,0,0,0,0,0,0,0,0,0,0,0,0,0,0,0,0,1,0,0,0,0,0,0,3,0,0,0,0,0 2 1
39 NA,NA,NA,NA,NA,NA,NA,NA,NA,NA,NA,NA,NA,NA,NA,NA,NA,NA,NA,NA,NA,NA,NA,NA,NA,NA,NA,NA,NA,NA,NA,NA,NA,NA,NA,NA,NA,NA,NA,NA,NA,NA,NA,NA,NA,NA,NA,NA,NA,NA 3,0,0,0,30,43,12,15,0,100,6,27,6,0,4,0,63,0,7,0,0,0,168,347,181,362,0,0,0,66,0,13,0,0,10,153,202,99,0,14,2,0,52,0,0,2,4,0,10,0 NA,NA,NA,NA,NA,NA,NA,NA,NA,NA,NA,NA,NA,NA,NA,NA,NA,NA,NA,NA,NA,NA,NA,NA,NA,NA,NA,NA,NA,NA,NA,NA,NA,NA,NA,NA,NA,NA,NA,NA,NA,NA,NA,NA,NA,NA,NA,NA,NA,NA 68,11,0,0,4,0,0,0,0,0,9,18,0,0,2,0,0,0,0,0,0,0,58,0,0,0,0,0,0,0,0,7,0,0,0,9,0,12,8,10,0,0,0,0,17,0,0,0,0,0 0 1
40 5,0,0,3,4,0,4,5,0,0,0,3,6,9,4,11,20,5,2,0,0,0,26,10,15,6,0,17,5,19,6,3,0,4,4,0,0,12,0,0,0,14,0,0,0,0,0,7,7,0 0,0,0,0,0,0,0,0,0,0,0,0,0,0,0,0,0,0,0,0,0,0,0,0,0,0,0,0,0,3,0,0,0,0,0,0,0,0,0,0,0,0,0,0,0,0,0,0,0,0 29,0,26,0,55,2,40,34,23,16,26,0,26,11,0,24,28,16,71,21,33,65,51,11,53,49,0,8,19,26,16,11,11,45,67,35,4,104,46,2,25,16,5,24,5,39,0,46,19,0 2,0,0,0,0,0,1,0,0,1,0,0,0,0,0,0,0,0,3,1,0,0,1,0,2,2,0,0,0,0,2,0,0,0,0,1,2,1,0,0,1,0,0,0,0,0,0,0,0,0 2 1
41 49,38,51,55,26,69,56,77,59,65,28,63,98,56,24,35,94,54,103,84,84,102,126,60,124,64,30,153,56,33,59,43,35,57,29,27,53,95,240,104,19,95,89,67,62,48,33,102,66,45 NA,NA,NA,NA,NA,NA,NA,NA,NA,NA,NA,NA,NA,NA,NA,NA,NA,NA,NA,NA,NA,NA,NA,NA,NA,NA,NA,NA,NA,NA,NA,NA,NA,NA,NA,NA,NA,NA,NA,NA,NA,NA,NA,NA,NA,NA,NA,NA,NA,NA 47,189,134,113,173,96,216,106,162,164,77,48,83,120,361,290,151,280,102,341,153,130,201,141,198,390,14,110,57,152,74,103,67,279,208,193,208,354,259,96,138,211,211,285,131,168,69,149,225,102 NA,NA,NA,NA,NA,NA,NA,NA,NA,NA,NA,NA,NA,NA,NA,NA,NA,NA,NA,NA,NA,NA,NA,NA,NA,NA,NA,NA,NA,NA,NA,NA,NA,NA,NA,NA,NA,NA,NA,NA,NA,NA,NA,NA,NA,NA,NA,NA,NA,NA 1 0
42 NA,NA,NA,NA,NA,NA,NA,NA,NA,NA,NA,NA,NA,NA,NA,NA,NA,NA,NA,NA,NA,NA,NA,NA,NA,NA,NA,NA,NA,NA,NA,NA,NA,NA,NA,NA,NA,NA,NA,NA,NA,NA,NA,NA,NA,NA,NA,NA,NA,NA 49,38,51,55,26,69,56,77,59,65,28,63,98,56,24,35,94,54,103,84,84,102,126,60,124,64,30,153,56,33,59,43,35,57,29,27,53,95,240,104,19,95,89,67,62,48,33,102,66,45 NA,NA,NA,NA,NA,NA,NA,NA,NA,NA,NA,NA,NA,NA,NA,NA,NA,NA,NA,NA,NA,NA,NA,NA,NA,NA,NA,NA,NA,NA,NA,NA,NA,NA,NA,NA,NA,NA,NA,NA,NA,NA,NA,NA,NA,NA,NA,NA,NA,NA 47,189,134,113,173,96,216,106,162,164,77,48,83,120,361,290,151,280,102,341,153,130,201,141,198,390,14,110,57,152,74,103,67,279,208,193,208,354,259,96,138,211,211,285,131,168,69,149,225,102 0 1
43 0,0,0,0,0,0,0,0,0,0,0,0,0,0,0,0,0,0,0,0,0,0,0,0,0,0,0,0,0,0,0,0,0,0,0,0,0,0,0,0,0,0,0,0,0,0,0,0,0,0 NA,NA,NA,NA,NA,NA,NA,NA,NA,NA,NA,NA,NA,NA,NA,NA,NA,NA,NA,NA,NA,NA,NA,NA,NA,NA,NA,NA,NA,NA,NA,NA,NA,NA,NA,NA,NA,NA,NA,NA,NA,NA,NA,NA,NA,NA,NA,NA,NA,NA 0,0,0,0,0,0,0,0,0,0,0,0,0,0,0,0,0,0,0,0,0,0,0,0,0,0,0,0,0,0,0,0,0,0,0,0,0,0,0,0,0,0,0,0,0,0,0,0,0,3 NA,NA,NA,NA,NA,NA,NA,NA,NA,NA,NA,NA,NA,NA,NA,NA,NA,NA,NA,NA,NA,NA,NA,NA,NA,NA,NA,NA,NA,NA,NA,NA,NA,NA,NA,NA,NA,NA,NA,NA,NA,NA,NA,NA,NA,NA,NA,NA,NA,NA 2 0
44 0,0,0,0,0,0,0,0,0,0,0,0,0,0,0,0,0,0,0,0,0,0,0,0,0,0,0,0,0,0,0,0,0,0,0,0,0,0,0,0,0,0,0,0,0,0,0,0,0,0 0,0,0,0,0,0,0,0,0,0,0,0,0,0,0,0,0,0,0,0,0,0,0,0,0,0,0,0,0,0,0,0,0,0,0,0,0,0,0,0,0,0,0,0,0,0,0,0,0,0 0,0,0,0,0,0,0,0,0,0,0,0,0,0,0,0,0,0,0,0,0,0,0,0,0,0,0,0,0,0,0,0,0,0,0,0,0,0,0,0,0,0,0,0,0,0,0,0,0,0 0,0,0,0,0,0,0,0,0,0,0,0,0,0,0,0,0,0,0,0,0,0,0,0,0,0,0,0,0,0,0,0,0,0,0,0,0,0,0,0,0,0,0,0,0,0,0,0,0,0 2 1
45 42,76,13,34,32,57,55,36,35,71,26,20,31,36,30,14,121,42,44,60,54,48,81,69,115,43,6,59,37,37,52,42,15,42,35,43,26,69,72,27,25,36,104,53,45,47,27,37,28,34 NA,NA,NA,NA,NA,NA,NA,NA,NA,NA,NA,NA,NA,NA,NA,NA,NA,NA,NA,NA,NA,NA,NA,NA,NA,NA,NA,NA,NA,NA,NA,NA,NA,NA,NA,NA,NA,NA,NA,NA,NA,NA,NA,NA,NA,NA,NA,NA,NA,NA 37,14,41,38,30,30,75,25,67,67,32,16,35,22,59,59,32,41,67,29,19,27,168,217,21,72,0,47,95,47,34,37,31,31,13,1864,31,37,25,90,35,26,24,70,42,32,44,54,26,54 NA,NA,NA,NA,NA,NA,NA,NA,NA,NA,NA,NA,NA,NA,NA,NA,NA,NA,NA,NA,NA,NA,NA,NA,NA,NA,NA,NA,NA,NA,NA,NA,NA,NA,NA,NA,NA,NA,NA,NA,NA,NA,NA,NA,NA,NA,NA,NA,NA,NA 2 0
46 41,45,30,41,30,52,50,42,23,42,29,33,60,23,28,23,130,61,85,54,46,71,114,64,104,64,14,79,48,38,51,31,31,54,38,47,11,103,65,35,22,40,127,36,49,35,47,86,39,32 NA,NA,NA,NA,NA,NA,NA,NA,NA,NA,NA,NA,NA,NA,NA,NA,NA,NA,NA,NA,NA,NA,NA,NA,NA,NA,NA,NA,NA,NA,NA,NA,NA,NA,NA,NA,NA,NA,NA,NA,NA,NA,NA,NA,NA,NA,NA,NA,NA,NA 54,15,41,33,18,9,72,27,75,71,27,12,33,34,47,40,28,56,43,23,18,40,206,272,19,105,4,67,93,54,14,38,22,32,22,2120,30,42,33,113,22,20,44,34,46,47,60,65,30,41 NA,NA,NA,NA,NA,NA,NA,NA,NA,NA,NA,NA,NA,NA,NA,NA,NA,NA,NA,NA,NA,NA,NA,NA,NA,NA,NA,NA,NA,NA,NA,NA,NA,NA,NA,NA,NA,NA,NA,NA,NA,NA,NA,NA,NA,NA,NA,NA,NA,NA 2 0
47 41,29,30,34,23,55,69,49,28,65,42,35,53,39,36,31,128,55,47,64,61,72,112,63,130,71,18,82,49,29,36,35,27,49,27,32,26,92,88,50,17,59,88,43,39,35,35,79,23,57 0,0,0,1,0,2,0,1,1,0,1,0,2,0,1,0,2,0,0,0,0,0,0,0,1,0,0,1,3,0,0,0,0,0,0,0,0,3,2,0,0,0,0,0,0,0,0,0,0,0 44,17,65,31,31,9,89,53,70,80,27,23,29,27,73,39,25,61,52,33,15,48,241,331,35,106,3,69,58,45,39,45,29,44,36,2290,32,57,29,93,28,30,39,77,56,45,48,82,32,56 0,1,0,0,1,0,0,0,1,1,0,0,0,0,1,0,0,1,0,0,1,0,7,3,0,0,0,0,0,0,0,0,0,1,0,86,0,0,0,1,1,0,0,1,0,1,0,1,0,1 2 1
48 0,0,0,5,0,0,0,5,0,0,0,0,0,0,0,0,4,0,0,3,0,0,3,0,5,8,0,0,0,0,4,0,0,0,0,0,0,7,0,4,0,0,8,0,2,6,0,7,2,4 15,0,35,24,8,25,20,41,10,39,7,21,23,32,0,27,32,42,65,32,103,17,30,21,32,42,24,52,13,0,28,29,11,0,15,18,25,28,11,34,0,27,27,13,16,34,0,50,24,24 0,0,2,0,0,0,3,0,0,0,0,0,0,0,3,11,3,0,0,0,0,0,5,0,0,0,0,0,0,0,0,3,0,9,0,0,0,0,0,8,0,0,0,0,0,0,0,0,2,0 0,0,13,0,0,0,15,6,22,11,10,14,0,4,13,74,11,15,10,8,9,16,43,14,0,0,4,9,0,0,14,8,10,29,0,0,0,0,0,51,0,0,0,15,11,15,7,14,0,0 2 1
49 0,0,0,0,0,0,0,0,0,0,0,0,0,0,3,2,0,0,0,2,0,0,0,0,0,0,0,0,0,0,2,2,0,0,0,0,0,0,0,0,0,0,0,0,2,0,0,0,0,0 31,22,31,45,22,71,26,57,16,56,7,30,54,43,13,26,53,53,103,43,138,41,60,48,59,64,45,79,27,30,39,52,35,19,16,24,56,64,24,73,17,74,78,29,26,70,12,81,54,18 0,0,0,0,0,0,0,0,0,0,0,0,0,0,0,0,0,0,0,0,0,2,0,0,0,0,0,0,0,0,0,0,0,4,0,0,0,0,0,3,2,0,0,0,0,0,0,0,0,0 2,0,32,0,4,8,16,9,29,20,16,19,21,14,25,113,35,18,13,12,14,34,97,28,6,10,12,0,0,28,40,7,20,110,9,14,16,26,13,65,0,8,4,12,23,32,12,13,14,9 2 1
50 0,0,0,0,0,0,0,0,0,0,0,0,4,0,0,0,0,0,0,0,0,0,0,0,0,0,0,0,0,0,0,0,0,0,0,0,4,0,0,4,0,0,0,0,0,0,0,0,0,0 15,0,35,24,8,25,20,41,10,39,7,21,23,32,0,27,32,42,65,32,103,17,30,21,32,42,24,52,13,0,28,29,11,0,15,18,25,28,11,34,0,27,27,13,16,34,0,50,24,24 0,0,0,0,0,0,0,0,0,0,0,0,0,0,0,2,0,0,0,0,0,0,0,0,0,0,0,0,0,0,0,0,0,4,0,0,0,0,0,0,0,0,0,0,0,0,0,0,0,0 0,0,13,0,0,0,15,6,22,11,10,14,0,4,13,74,11,15,10,8,9,16,43,14,0,0,4,9,0,0,14,8,10,29,0,0,0,0,0,51,0,0,0,15,11,15,7,14,0,0 2 1
51 0,0,0,0,0,0,0,0,0,0,0,0,4,0,0,0,0,0,0,0,0,0,0,0,0,0,0,0,0,0,0,0,0,0,0,0,4,0,0,0,0,0,0,0,0,0,0,0,0,0 NA,NA,NA,NA,NA,NA,NA,NA,NA,NA,NA,NA,NA,NA,NA,NA,NA,NA,NA,NA,NA,NA,NA,NA,NA,NA,NA,NA,NA,NA,NA,NA,NA,NA,NA,NA,NA,NA,NA,NA,NA,NA,NA,NA,NA,NA,NA,NA,NA,NA 0,0,0,0,0,0,0,0,0,0,0,0,0,0,0,0,0,0,0,0,0,0,0,0,0,0,0,0,0,0,0,0,0,0,0,0,0,0,0,0,0,0,0,0,0,0,0,0,0,0 NA,NA,NA,NA,NA,NA,NA,NA,NA,NA,NA,NA,NA,NA,NA,NA,NA,NA,NA,NA,NA,NA,NA,NA,NA,NA,NA,NA,NA,NA,NA,NA,NA,NA,NA,NA,NA,NA,NA,NA,NA,NA,NA,NA,NA,NA,NA,NA,NA,NA 1 0
52 NA,NA,NA,NA,NA,NA,NA,NA,NA,NA,NA,NA,NA,NA,NA,NA,NA,NA,NA,NA,NA,NA,NA,NA,NA,NA,NA,NA,NA,NA,NA,NA,NA,NA,NA,NA,NA,NA,NA,NA,NA,NA,NA,NA,NA,NA,NA,NA,NA,NA NA,NA,NA,NA,NA,NA,NA,NA,NA,NA,NA,NA,NA,NA,NA,NA,NA,NA,NA,NA,NA,NA,NA,NA,NA,NA,NA,NA,NA,NA,NA,NA,NA,NA,NA,NA,NA,NA,NA,NA,NA,NA,NA,NA,NA,NA,NA,NA,NA,NA NA,NA,NA,NA,NA,NA,NA,NA,NA,NA,NA,NA,NA,NA,NA,NA,NA,NA,NA,NA,NA,NA,NA,NA,NA,NA,NA,NA,NA,NA,NA,NA,NA,NA,NA,NA,NA,NA,NA,NA,NA,NA,NA,NA,NA,NA,NA,NA,NA,NA NA,NA,NA,NA,NA,NA,NA,NA,NA,NA,NA,NA,NA,NA,NA,NA,NA,NA,NA,NA,NA,NA,NA,NA,NA,NA,NA,NA,NA,NA,NA,NA,NA,NA,NA,NA,NA,NA,NA,NA,NA,NA,NA,NA,NA,NA,NA,NA,NA,NA 0 0
53 15,0,35,24,8,36,20,41,10,39,7,21,23,32,0,32,32,42,65,32,129,17,36,21,32,42,24,52,13,0,28,29,11,0,15,18,25,28,11,34,0,27,27,13,16,34,0,50,24,24 NA,NA,NA,NA,NA,NA,NA,NA,NA,NA,NA,NA,NA,NA,NA,NA,NA,NA,NA,NA,NA,NA,NA,NA,NA,NA,NA,NA,NA,NA,NA,NA,NA,NA,NA,NA,NA,NA,NA,NA,NA,NA,NA,NA,NA,NA,NA,NA,NA,NA 0,0,13,0,0,0,15,6,22,11,10,14,0,4,13,118,11,15,10,8,9,16,53,17,0,0,4,9,0,0,14,8,10,29,0,0,0,0,0,74,0,0,0,15,11,15,9,14,0,0 NA,NA,NA,NA,NA,NA,NA,NA,NA,NA,NA,NA,NA,NA,NA,NA,NA,NA,NA,NA,NA,NA,NA,NA,NA,NA,NA,NA,NA,NA,NA,NA,NA,NA,NA,NA,NA,NA,NA,NA,NA,NA,NA,NA,NA,NA,NA,NA,NA,NA 2 0
54 0,0,0,0,0,0,0,0,0,0,0,0,0,0,0,0,0,0,0,0,0,0,0,0,0,0,0,0,0,0,7,0,0,0,0,0,0,0,0,0,0,0,0,0,0,0,0,0,0,0 0,0,0,0,0,0,0,0,0,0,0,0,0,0,0,0,0,0,0,0,0,0,0,0,0,0,0,0,0,0,0,0,0,0,0,0,0,0,0,0,0,0,0,0,0,0,0,0,0,0 0,0,0,0,0,0,0,0,0,0,0,0,0,0,0,0,0,0,0,0,0,0,0,0,0,0,0,0,0,0,0,0,0,0,0,0,0,0,0,0,0,0,0,0,0,0,0,0,0,0 0,0,0,0,0,0,0,0,0,0,0,0,0,0,0,0,0,0,0,0,0,0,0,0,0,0,0,0,0,0,0,0,0,0,0,0,0,0,0,0,0,0,0,0,0,0,0,0,0,0 2 1
55 0,0,0,0,0,0,0,0,0,0,0,0,0,0,0,0,0,0,0,0,0,0,0,0,0,0,0,0,0,0,0,0,0,0,0,0,0,0,0,0,0,0,0,0,0,0,0,0,0,0 0,0,0,0,0,0,0,0,0,0,0,0,0,0,0,0,0,0,0,0,0,0,0,0,0,0,0,0,0,0,0,0,0,0,0,0,0,0,0,0,0,0,0,0,0,0,0,0,0,0 0,0,0,0,0,0,0,0,0,0,0,0,0,0,0,0,0,0,0,0,0,0,0,0,0,0,0,0,0,0,0,0,0,0,0,0,0,0,0,0,0,0,0,0,0,0,0,0,0,0 0,0,0,0,0,0,0,0,0,0,0,0,0,0,0,0,0,0,0,0,0,0,0,0,0,0,0,0,0,0,0,0,0,0,0,0,0,0,0,0,0,0,0,0,0,0,0,0,0,0 2 1
56 0,0,0,0,0,0,0,0,0,0,0,0,0,0,0,0,0,0,0,0,0,0,0,0,0,0,0,0,0,0,7,0,0,0,0,0,0,0,0,0,0,0,0,0,0,0,0,0,0,0 0,0,0,0,0,0,0,0,0,0,0,0,0,0,0,0,0,0,0,0,0,0,0,0,0,0,0,0,0,0,0,0,0,0,0,0,0,0,0,0,0,0,0,0,0,0,0,0,0,0 0,0,0,0,0,0,0,0,0,0,0,0,0,0,0,0,0,0,0,0,0,0,0,0,0,0,0,0,0,0,0,0,0,0,0,0,0,0,0,0,0,0,0,0,0,0,0,0,0,0 0,0,0,0,0,0,0,0,0,0,0,0,0,0,0,0,0,0,0,0,0,0,0,0,0,0,0,0,0,0,0,0,0,0,0,0,0,0,0,0,0,0,0,0,0,0,0,0,0,0 1 1
57 0,0,0,0,0,0,0,0,0,0,0,0,0,0,0,0,0,0,0,0,0,0,0,0,0,0,0,0,0,0,7,0,0,0,0,0,0,0,0,0,0,0,0,0,0,0,0,0,0,0 0,0,0,0,0,0,0,0,0,0,0,0,0,0,0,0,0,0,0,0,0,0,0,0,0,0,0,0,0,0,0,0,0,0,0,0,0,0,0,0,0,0,0,0,0,0,0,0,0,0 0,0,0,0,0,0,0,0,0,0,0,0,0,0,0,0,0,0,0,0,0,0,0,0,0,0,0,0,0,0,0,0,0,0,0,0,0,0,0,0,0,0,0,0,0,0,0,0,0,0 0,0,0,0,0,0,0,0,0,0,0,0,0,0,0,0,0,0,0,0,0,0,0,0,0,0,0,0,0,0,0,0,0,0,0,0,0,0,0,0,0,0,0,0,0,0,0,0,0,0 2 1
58 0,0,0,0,0,0,0,0,0,0,0,0,0,0,0,0,0,0,0,0,0,0,0,0,0,0,0,0,0,0,0,0,0,0,0,0,0,0,0,0,0,0,0,0,0,0,0,0,0,0 0,0,0,0,0,0,0,0,0,0,0,0,0,0,0,0,0,0,0,0,0,0,0,0,0,0,0,0,0,0,0,0,0,0,0,0,0,0,0,0,0,0,0,0,0,0,0,0,0,0 0,0,0,0,0,0,0,0,0,0,0,0,0,0,0,0,0,0,0,0,0,0,0,0,0,0,0,0,0,0,0,0,0,0,0,0,0,0,0,0,0,0,0,0,0,0,0,0,0,0 0,0,0,0,0,0,0,0,0,0,0,0,0,0,0,0,0,0,0,0,0,0,0,0,0,0,0,0,0,0,0,0,0,0,0,0,0,0,0,0,0,0,0,0,0,0,0,0,0,0 1 1
59 0,0,0,0,0,0,0,0,0,0,0,0,0,0,0,0,0,0,0,0,0,0,0,0,0,0,0,0,0,0,2,0,0,0,0,0,0,0,0,0,0,0,0,0,0,0,0,0,0,3 0,0,0,0,0,0,0,0,0,0,0,0,0,0,0,0,0,0,0,0,0,0,0,0,0,0,0,0,0,0,0,0,0,0,0,0,0,0,0,0,0,0,0,0,0,0,0,0,0,0 0,0,0,0,0,0,0,0,0,0,0,0,0,0,0,0,0,0,0,0,0,0,0,0,0,0,0,0,0,0,0,0,0,0,0,0,0,0,0,0,0,0,0,0,0,0,0,0,0,0 0,0,0,0,0,0,0,0,0,0,0,0,0,0,0,0,0,0,0,0,0,0,0,0,0,0,0,0,0,0,0,0,0,0,0,0,0,0,0,0,0,0,0,0,0,0,0,0,0,0 2 1
60 0,0,0,0,0,0,0,0,0,0,0,0,0,0,0,0,0,0,0,0,0,0,0,0,0,0,0,0,0,0,0,0,0,0,0,0,0,0,0,0,0,0,0,0,0,0,0,0,0,0 2144,95,42,364,47,0,728,824,680,49,4574,1023,482,884,35,815,1762,2155,0,4553,396,131,2,10,157,0,234,2191,3905,3083,7667,39,11478,4,11,9,104,26,7223,888,3230,2708,76,2493,311,37,60,2468,43,2381 0,0,0,0,0,0,0,0,0,0,0,0,0,0,0,0,0,0,0,0,0,0,0,0,0,0,0,0,0,0,0,0,0,0,0,0,0,0,0,0,0,0,0,0,0,0,0,0,0,0 0,311,123,0,28,0,9,0,10,0,236,80,0,0,4,0,26,322,4,0,11,2688,0,15,5,0,483,3350,158,191,71,198,28,280,3703,0,99,0,261,84,36,0,102,0,255,0,11,0,0,0 2 1
61 0,0,0,0,0,0,0,0,0,0,0,0,0,0,0,0,0,0,0,0,0,0,0,0,0,0,0,0,0,2,5,0,0,0,0,0,0,0,3,0,0,0,0,0,0,0,0,0,0,0 1470,75,44,340,39,0,604,812,584,37,2559,1014,546,915,45,583,1699,1746,0,3079,344,125,5,11,161,0,224,1988,3590,2523,7092,30,10075,3,7,4,112,29,9395,867,2337,2269,79,2388,309,46,74,2222,43,2132 0,0,0,0,0,0,0,0,0,0,0,0,0,0,0,0,0,0,0,0,0,0,0,0,0,0,0,3,0,0,0,0,0,0,0,0,0,0,0,0,0,0,0,0,0,0,0,0,0,0 0,228,109,0,28,0,0,0,18,0,210,72,3,0,7,0,23,290,0,0,12,2621,0,17,0,0,312,2760,78,214,62,207,25,308,3413,0,127,0,216,81,18,0,73,0,228,0,19,0,0,0 1 1
62 NA,NA,NA,NA,NA,NA,NA,NA,NA,NA,NA,NA,NA,NA,NA,NA,NA,NA,NA,NA,NA,NA,NA,NA,NA,NA,NA,NA,NA,NA,NA,NA,NA,NA,NA,NA,NA,NA,NA,NA,NA,NA,NA,NA,NA,NA,NA,NA,NA,NA 46,23,38,50,16,38,48,48,41,31,35,44,48,37,14,11,136,53,94,64,72,62,47,57,137,112,18,76,37,54,63,71,28,25,36,19,35,73,79,71,13,207,43,28,36,40,33,107,52,36 NA,NA,NA,NA,NA,NA,NA,NA,NA,NA,NA,NA,NA,NA,NA,NA,NA,NA,NA,NA,NA,NA,NA,NA,NA,NA,NA,NA,NA,NA,NA,NA,NA,NA,NA,NA,NA,NA,NA,NA,NA,NA,NA,NA,NA,NA,NA,NA,NA,NA 73,28,12,5,8,6,33,3,31,35,25,27,20,0,21,14,0,54,18,26,11,26,11,50,5,37,9,18,12,42,0,30,48,31,0,7,20,33,2,16,3,19,0,107,27,17,27,7,18,5 0 1
63 139,41,41,66,65,62,108,163,102,112,83,83,105,102,41,64,331,134,155,115,145,153,136,152,360,249,30,154,60,108,113,145,59,85,111,57,47,155,174,157,41,362,202,92,84,57,66,181,123,76 NA,NA,NA,NA,NA,NA,NA,NA,NA,NA,NA,NA,NA,NA,NA,NA,NA,NA,NA,NA,NA,NA,NA,NA,NA,NA,NA,NA,NA,NA,NA,NA,NA,NA,NA,NA,NA,NA,NA,NA,NA,NA,NA,NA,NA,NA,NA,NA,NA,NA 237,62,26,0,33,9,85,13,60,91,64,117,52,11,26,26,8,110,53,51,26,84,25,120,10,48,34,68,62,134,8,93,116,53,17,15,15,82,8,37,7,26,21,269,124,20,83,18,45,11 NA,NA,NA,NA,NA,NA,NA,NA,NA,NA,NA,NA,NA,NA,NA,NA,NA,NA,NA,NA,NA,NA,NA,NA,NA,NA,NA,NA,NA,NA,NA,NA,NA,NA,NA,NA,NA,NA,NA,NA,NA,NA,NA,NA,NA,NA,NA,NA,NA,NA 2 0
64 NA,NA,NA,NA,NA,NA,NA,NA,NA,NA,NA,NA,NA,NA,NA,NA,NA,NA,NA,NA,NA,NA,NA,NA,NA,NA,NA,NA,NA,NA,NA,NA,NA,NA,NA,NA,NA,NA,NA,NA,NA,NA,NA,NA,NA,NA,NA,NA,NA,NA NA,NA,NA,NA,NA,NA,NA,NA,NA,NA,NA,NA,NA,NA,NA,NA,NA,NA,NA,NA,NA,NA,NA,NA,NA,NA,NA,NA,NA,NA,NA,NA,NA,NA,NA,NA,NA,NA,NA,NA,NA,NA,NA,NA,NA,NA,NA,NA,NA,NA NA,NA,NA,NA,NA,NA,NA,NA,NA,NA,NA,NA,NA,NA,NA,NA,NA,NA,NA,NA,NA,NA,NA,NA,NA,NA,NA,NA,NA,NA,NA,NA,NA,NA,NA,NA,NA,NA,NA,NA,NA,NA,NA,NA,NA,NA,NA,NA,NA,NA NA,NA,NA,NA,NA,NA,NA,NA,NA,NA,NA,NA,NA,NA,NA,NA,NA,NA,NA,NA,NA,NA,NA,NA,NA,NA,NA,NA,NA,NA,NA,NA,NA,NA,NA,NA,NA,NA,NA,NA,NA,NA,NA,NA,NA,NA,NA,NA,NA,NA 0 0
65 NA,NA,NA,NA,NA,NA,NA,NA,NA,NA,NA,NA,NA,NA,NA,NA,NA,NA,NA,NA,NA,NA,NA,NA,NA,NA,NA,NA,NA,NA,NA,NA,NA,NA,NA,NA,NA,NA,NA,NA,NA,NA,NA,NA,NA,NA,NA,NA,NA,NA 0,0,0,0,0,0,0,0,0,0,0,0,0,0,0,0,0,0,0,0,0,0,0,0,0,0,0,0,0,0,0,0,0,0,0,0,0,0,0,0,0,0,0,0,0,0,0,0,0,0 NA,NA,NA,NA,NA,NA,NA,NA,NA,NA,NA,NA,NA,NA,NA,NA,NA,NA,NA,NA,NA,NA,NA,NA,NA,NA,NA,NA,NA,NA,NA,NA,NA,NA,NA,NA,NA,NA,NA,NA,NA,NA,NA,NA,NA,NA,NA,NA,NA,NA 0,0,0,0,0,0,0,0,0,0,0,0,0,0,0,0,0,0,0,0,0,0,0,0,0,0,0,0,0,0,0,0,0,0,0,0,0,0,0,0,0,0,0,0,0,0,0,0,0,0 0 1
66 0,0,0,0,0,0,0,0,0,0,0,9,4,4,0,0,0,0,0,5,4,0,0,0,0,0,0,0,0,0,15,0,4,0,0,0,0,0,0,4,0,3,0,4,0,0,0,5,0,3 0,0,0,0,0,0,0,0,0,0,0,0,0,0,0,0,0,0,0,0,0,0,0,0,0,0,0,0,0,0,0,0,0,0,0,0,0,0,0,0,0,0,0,0,0,0,0,0,0,0 0,0,0,0,0,0,0,0,0,0,0,2,0,0,0,0,0,0,2,0,0,0,0,0,0,9,0,0,0,0,0,0,0,0,0,0,0,0,0,0,0,0,0,0,0,0,0,0,0,0 0,0,0,0,0,0,0,0,0,0,0,0,0,0,0,0,0,0,0,0,0,0,0,0,0,0,0,0,0,0,0,0,0,0,0,0,0,0,0,0,0,0,0,0,0,0,0,0,0,0 2 1
67 65,36,63,54,90,134,220,117,74,190,83,59,68,135,58,106,337,74,145,110,102,153,170,324,214,105,34,164,58,80,70,66,34,99,67,59,57,104,216,89,23,93,127,70,102,48,20,207,263,60 0,0,0,0,0,0,0,0,0,0,0,0,0,0,0,0,0,0,0,0,0,0,0,0,0,0,0,0,0,0,0,0,0,0,0,0,0,0,0,0,0,0,0,0,0,0,0,0,0,0 62,703,2173,2241,480,226,1101,305,1931,2726,202,581,948,213,62,65,490,584,344,817,287,1019,1678,5648,182,673,105,368,551,553,1142,240,285,353,616,71,86,3595,308,628,139,455,634,41,368,1384,1029,1381,408,770 0,0,0,0,0,0,0,0,0,0,0,0,0,0,0,0,0,0,0,0,0,0,0,0,0,0,0,0,0,0,0,0,0,0,0,0,0,0,0,0,0,0,0,0,0,0,0,0,0,0 2 1
68 36,10,22,25,66,75,122,44,43,94,38,25,23,63,16,63,179,44,83,44,53,83,100,185,131,50,15,93,19,47,27,28,21,20,30,22,35,52,78,56,8,51,77,37,40,26,0,119,135,29 1,0,0,3,2,0,5,0,0,0,4,0,0,0,0,1,4,0,1,4,2,0,1,3,1,0,0,0,0,4,0,0,0,0,0,3,0,0,0,0,0,0,3,0,3,0,0,2,2,0 20,370,1080,1052,295,96,583,184,1174,1462,111,319,477,126,19,27,243,304,152,447,147,629,989,3068,81,356,59,190,301,297,569,129,136,209,358,39,32,2068,143,321,39,247,316,22,198,681,550,843,234,369 0,1,16,8,0,0,4,0,18,6,0,0,2,0,0,0,6,5,0,7,4,8,14,25,2,9,0,4,3,4,2,0,0,0,9,0,0,9,2,3,0,2,4,0,2,2,2,10,4,22 2 1
69 0,0,0,0,0,0,0,0,0,0,0,0,0,0,0,0,0,0,0,0,0,0,0,0,0,0,0,0,0,0,0,0,0,0,0,0,0,0,0,0,0,0,0,0,0,0,0,0,0,0 97,121,81,118,101,103,98,119,99,76,111,136,242,133,112,78,273,121,198,213,149,224,272,214,308,158,81,217,124,214,206,101,79,120,104,82,108,255,304,200,51,222,299,139,198,129,110,206,144,138 0,0,0,0,0,0,0,0,0,0,0,0,0,0,0,0,0,0,0,0,0,0,0,0,0,0,0,0,0,0,0,0,0,0,0,0,0,0,0,0,0,0,0,0,0,0,0,0,0,0 24,83,137,33,89,110,129,110,88,124,80,62,92,34,93,146,135,137,74,70,119,68,150,226,156,368,23,151,48,92,56,92,70,111,145,48,118,115,161,90,66,249,67,106,196,111,59,84,105,46 2 1
70 545,448,565,583,493,534,561,678,416,497,437,306,972,415,996,905,1079,697,739,793,537,857,937,656,1503,541,707,978,497,1058,718,535,304,467,617,452,500,963,1344,977,326,669,1429,581,701,535,356,1029,411,533 26,43,38,30,17,25,33,40,32,16,22,19,51,17,62,43,60,47,50,50,32,56,47,55,69,50,39,66,28,67,29,33,20,18,34,35,18,49,78,52,23,35,86,35,47,31,26,64,47,30 471,716,758,894,683,712,724,725,408,647,430,387,454,304,774,947,764,1124,509,872,550,783,923,600,989,1280,212,486,482,646,493,433,566,1964,1392,434,769,480,1095,700,1284,1171,1101,1351,850,851,364,898,813,289 10,26,28,40,33,29,28,15,26,28,34,18,45,14,32,37,49,64,15,42,31,18,41,44,54,62,17,38,32,31,26,23,31,110,78,26,38,26,66,30,79,49,75,82,65,22,19,37,39,17 2 1
71 530,483,583,610,457,557,586,671,431,525,439,330,971,448,1033,882,1108,655,807,800,523,836,947,702,1418,541,707,1024,507,974,679,538,295,519,601,406,493,934,1364,984,337,738,1445,587,711,539,344,1017,473,517 26,43,38,30,17,25,33,40,32,16,22,19,51,17,62,43,60,47,50,50,32,56,47,55,69,50,39,66,28,67,29,33,20,18,34,35,18,49,78,52,23,35,86,35,47,31,26,64,47,30 589,823,868,940,776,798,785,706,488,730,459,454,476,378,893,1120,795,1205,592,1068,623,925,1059,873,1150,1273,280,565,532,646,542,446,556,2365,1752,509,895,554,1248,880,1398,1259,1187,1526,931,899,418,830,911,350 10,26,28,40,33,29,28,15,26,28,34,18,45,14,32,37,49,64,15,42,31,18,41,44,54,62,17,38,32,31,26,23,31,110,78,26,38,26,66,30,79,49,75,82,65,22,19,37,39,17 2 1
72 837,862,1002,861,653,790,971,951,572,786,618,456,1338,638,1487,1151,1468,967,1043,1210,864,1239,1540,965,1813,797,1104,1369,758,1501,1036,652,445,675,879,592,709,1286,2295,1531,458,949,1928,968,1067,812,469,1461,627,760 6,6,10,4,3,8,14,17,7,5,7,8,11,8,19,10,14,8,9,11,5,8,12,7,16,11,9,13,8,13,7,5,9,8,10,7,3,15,12,16,1,11,17,13,10,9,0,8,7,12 743,1270,1239,1450,990,1118,1086,1000,543,1104,670,598,762,442,1229,1591,1151,1652,783,1372,858,1233,1529,1013,1548,1866,409,775,729,966,781,588,779,2985,2182,571,1301,765,1899,1080,2073,1685,1808,2145,1286,1335,516,1215,1118,448 8,21,13,18,9,10,12,13,8,9,6,13,11,5,16,17,12,25,6,8,10,15,23,9,9,17,8,6,4,7,11,6,7,46,27,7,20,8,29,15,24,25,24,36,21,18,2,19,10,11 2 1
73 481,486,579,497,344,441,585,536,339,431,337,277,803,352,788,626,819,584,588,688,482,738,874,542,1027,440,628,835,419,851,574,387,267,386,500,351,414,731,1379,864,269,532,1100,547,592,487,290,844,374,440 NA,NA,NA,NA,NA,NA,NA,NA,NA,NA,NA,NA,NA,NA,NA,NA,NA,NA,NA,NA,NA,NA,NA,NA,NA,NA,NA,NA,NA,NA,NA,NA,NA,NA,NA,NA,NA,NA,NA,NA,NA,NA,NA,NA,NA,NA,NA,NA,NA,NA 438,719,721,776,559,622,625,539,318,625,360,336,456,240,678,899,674,970,412,814,482,684,833,562,824,1046,227,461,424,522,413,341,467,1607,1262,342,715,410,1100,567,1108,918,1053,1170,723,734,325,722,650,272 NA,NA,NA,NA,NA,NA,NA,NA,NA,NA,NA,NA,NA,NA,NA,NA,NA,NA,NA,NA,NA,NA,NA,NA,NA,NA,NA,NA,NA,NA,NA,NA,NA,NA,NA,NA,NA,NA,NA,NA,NA,NA,NA,NA,NA,NA,NA,NA,NA,NA 2 0
74 410,366,441,471,348,452,466,531,322,442,351,235,756,305,827,684,825,503,548,628,416,642,702,513,1094,402,570,742,367,780,560,400,220,358,452,318,401,707,1136,742,265,527,1118,455,578,425,258,760,325,405 26,43,38,30,17,25,33,40,32,16,22,19,51,17,62,43,60,47,50,50,32,56,47,55,69,50,39,66,28,67,29,33,20,18,34,35,18,49,78,52,23,35,86,35,47,31,26,64,47,30 395,604,650,728,521,598,632,563,324,578,340,313,372,248,666,803,602,842,407,765,471,619,759,534,811,933,212,393,377,476,404,324,415,1577,1141,343,696,371,898,605,1075,924,879,1130,701,684,289,642,632,251 10,26,28,40,33,29,28,15,26,28,34,18,45,14,32,37,49,64,15,42,31,18,41,44,54,62,17,38,32,31,26,23,31,110,78,26,38,26,66,30,79,49,75,82,65,22,19,37,39,17 1 1
75 9,0,0,0,0,9,6,8,3,4,0,0,10,0,0,11,9,24,16,2,13,7,11,3,32,5,5,15,0,4,0,4,5,0,17,7,9,7,0,32,0,4,32,0,0,12,0,6,6,0 6,0,0,6,0,6,4,11,7,8,3,4,10,7,7,0,5,10,13,7,18,7,7,0,27,9,0,7,5,2,5,12,14,0,14,9,4,4,4,32,0,5,25,0,3,11,0,13,9,4 0,0,0,0,0,0,0,2,0,3,0,0,0,0,0,0,0,0,0,0,0,0,0,2,2,0,0,4,0,0,0,3,4,0,0,3,0,0,0,0,0,2,0,0,0,2,0,0,2,0 0,0,0,0,0,0,0,0,0,0,0,0,0,4,0,0,0,0,0,0,0,0,0,0,0,0,0,2,0,0,0,4,0,0,0,3,0,0,0,0,0,0,0,0,2,4,0,0,3,0 2 1
76 0,0,0,0,0,0,0,0,0,0,0,0,0,0,0,0,0,0,0,0,0,0,0,0,0,0,0,0,0,0,0,0,0,0,0,0,0,0,0,0,0,0,0,0,0,0,0,3,0,0 3,17,0,0,0,12,0,5,0,0,0,0,11,0,0,13,0,0,0,12,0,0,29,0,0,0,0,22,6,0,0,0,0,0,0,0,0,0,0,0,0,12,0,0,0,0,0,0,0,0 0,0,0,0,0,0,3,0,0,5,0,0,0,0,0,0,0,0,0,0,3,4,6,0,0,7,0,3,0,0,0,0,0,7,15,0,0,0,0,4,0,0,4,0,0,5,0,0,0,0 0,0,23,0,40,0,0,22,0,0,7,0,15,17,0,44,0,25,0,0,26,51,55,22,69,76,0,28,0,0,0,18,0,161,80,0,32,24,39,0,33,34,0,15,11,33,0,0,36,23 2 1
77 3,10,2,8,4,14,29,11,12,9,0,10,8,0,12,18,16,13,10,12,8,4,36,7,21,21,13,16,13,6,15,10,5,9,6,0,3,18,24,24,0,26,23,7,8,12,4,8,17,5 NA,NA,NA,NA,NA,NA,NA,NA,NA,NA,NA,NA,NA,NA,NA,NA,NA,NA,NA,NA,NA,NA,NA,NA,NA,NA,NA,NA,NA,NA,NA,NA,NA,NA,NA,NA,NA,NA,NA,NA,NA,NA,NA,NA,NA,NA,NA,NA,NA,NA 27,20,35,19,49,16,56,20,18,30,18,18,38,26,17,40,19,27,0,0,41,68,52,13,72,81,0,38,16,16,7,25,10,85,75,40,48,34,35,27,28,22,27,21,14,45,23,30,13,20 NA,NA,NA,NA,NA,NA,NA,NA,NA,NA,NA,NA,NA,NA,NA,NA,NA,NA,NA,NA,NA,NA,NA,NA,NA,NA,NA,NA,NA,NA,NA,NA,NA,NA,NA,NA,NA,NA,NA,NA,NA,NA,NA,NA,NA,NA,NA,NA,NA,NA 2 0
78 NA,NA,NA,NA,NA,NA,NA,NA,NA,NA,NA,NA,NA,NA,NA,NA,NA,NA,NA,NA,NA,NA,NA,NA,NA,NA,NA,NA,NA,NA,NA,NA,NA,NA,NA,NA,NA,NA,NA,NA,NA,NA,NA,NA,NA,NA,NA,NA,NA,NA 0,0,0,0,0,0,0,0,0,0,0,0,0,0,0,0,0,0,0,0,0,0,0,0,0,0,0,0,0,0,0,0,0,0,0,0,0,0,0,0,0,0,0,0,0,0,0,0,0,0 NA,NA,NA,NA,NA,NA,NA,NA,NA,NA,NA,NA,NA,NA,NA,NA,NA,NA,NA,NA,NA,NA,NA,NA,NA,NA,NA,NA,NA,NA,NA,NA,NA,NA,NA,NA,NA,NA,NA,NA,NA,NA,NA,NA,NA,NA,NA,NA,NA,NA 0,0,0,0,0,0,0,0,0,0,0,0,0,0,0,0,0,0,0,0,0,0,0,0,0,0,0,0,0,0,0,0,0,0,5,0,0,0,0,0,0,0,0,0,0,0,0,0,0,0 0 1
79 NA,NA,NA,NA,NA,NA,NA,NA,NA,NA,NA,NA,NA,NA,NA,NA,NA,NA,NA,NA,NA,NA,NA,NA,NA,NA,NA,NA,NA,NA,NA,NA,NA,NA,NA,NA,NA,NA,NA,NA,NA,NA,NA,NA,NA,NA,NA,NA,NA,NA NA,NA,NA,NA,NA,NA,NA,NA,NA,NA,NA,NA,NA,NA,NA,NA,NA,NA,NA,NA,NA,NA,NA,NA,NA,NA,NA,NA,NA,NA,NA,NA,NA,NA,NA,NA,NA,NA,NA,NA,NA,NA,NA,NA,NA,NA,NA,NA,NA,NA NA,NA,NA,NA,NA,NA,NA,NA,NA,NA,NA,NA,NA,NA,NA,NA,NA,NA,NA,NA,NA,NA,NA,NA,NA,NA,NA,NA,NA,NA,NA,NA,NA,NA,NA,NA,NA,NA,NA,NA,NA,NA,NA,NA,NA,NA,NA,NA,NA,NA NA,NA,NA,NA,NA,NA,NA,NA,NA,NA,NA,NA,NA,NA,NA,NA,NA,NA,NA,NA,NA,NA,NA,NA,NA,NA,NA,NA,NA,NA,NA,NA,NA,NA,NA,NA,NA,NA,NA,NA,NA,NA,NA,NA,NA,NA,NA,NA,NA,NA 0 0
80 91,148,165,139,90,152,157,144,99,82,107,37,104,93,176,99,175,137,109,136,171,109,95,108,192,98,112,88,114,134,141,99,66,181,161,93,166,125,279,45,106,54,190,222,103,119,111,155,37,102 NA,NA,NA,NA,NA,NA,NA,NA,NA,NA,NA,NA,NA,NA,NA,NA,NA,NA,NA,NA,NA,NA,NA,NA,NA,NA,NA,NA,NA,NA,NA,NA,NA,NA,NA,NA,NA,NA,NA,NA,NA,NA,NA,NA,NA,NA,NA,NA,NA,NA 0,112,47,45,69,82,73,97,36,81,106,50,53,0,72,64,17,24,92,31,23,110,13,52,41,45,30,119,82,37,101,74,39,136,100,58,123,65,59,99,64,46,30,56,29,43,60,30,19,12 NA,NA,NA,NA,NA,NA,NA,NA,NA,NA,NA,NA,NA,NA,NA,NA,NA,NA,NA,NA,NA,NA,NA,NA,NA,NA,NA,NA,NA,NA,NA,NA,NA,NA,NA,NA,NA,NA,NA,NA,NA,NA,NA,NA,NA,NA,NA,NA,NA,NA 2 0
81 0,0,0,0,0,0,0,4,0,0,0,0,2,0,0,0,0,3,0,3,0,0,0,0,0,0,0,0,0,3,0,0,4,0,0,3,3,4,0,0,0,0,8,0,0,0,0,3,0,5 33,59,62,46,41,45,30,51,31,33,30,16,55,33,42,32,66,56,54,54,65,51,37,47,78,25,35,49,51,44,63,39,24,54,39,27,43,61,113,7,19,24,62,80,49,40,42,51,21,34 0,0,0,0,0,0,0,0,0,0,0,0,0,0,0,0,0,0,2,0,0,2,0,0,0,0,0,2,0,0,0,0,0,4,0,0,0,0,0,0,2,0,0,0,0,0,0,0,0,0 0,33,23,13,29,10,35,27,21,32,37,13,14,0,21,28,4,22,23,8,3,40,8,16,17,26,0,38,10,13,20,19,18,58,28,24,33,30,15,19,13,19,9,19,12,14,15,0,0,0 2 1
82 19,55,29,54,21,34,32,36,15,27,18,10,47,37,28,37,28,25,60,66,50,47,23,49,67,14,20,31,27,36,25,38,17,58,18,24,17,62,104,3,18,22,61,31,50,49,22,47,19,17 0,0,0,2,1,0,0,0,0,0,0,0,2,2,0,1,0,0,4,3,0,3,0,0,3,0,0,4,0,0,0,0,0,4,0,0,0,5,9,0,0,0,4,3,3,2,5,1,0,0 0,27,19,7,35,8,40,40,6,32,23,8,12,0,19,11,0,7,16,0,3,47,18,24,8,21,0,22,5,11,13,13,7,56,20,14,42,38,9,11,8,18,7,8,6,11,10,6,7,0 0,0,0,0,0,0,2,5,0,0,4,0,0,0,0,0,0,0,0,0,0,0,0,1,0,0,0,0,0,0,0,0,0,2,5,0,0,0,0,5,0,0,0,0,0,0,0,0,0,0 2 1
83 19,36,29,38,14,21,23,36,15,27,18,10,35,20,28,25,28,25,42,46,35,34,23,26,34,14,20,31,27,36,25,24,17,29,18,24,17,37,64,3,18,14,41,31,33,28,22,30,13,17 0,0,0,4,0,0,7,7,4,0,0,0,4,0,7,0,0,0,0,0,0,0,0,7,0,4,0,0,0,0,0,3,0,6,4,0,0,0,0,0,0,0,0,9,3,0,0,0,0,0 0,27,19,7,24,8,22,24,6,18,16,8,9,0,19,11,0,7,16,0,3,31,11,13,8,21,0,22,5,11,13,13,4,37,20,14,26,21,9,6,8,18,7,8,6,11,10,6,7,0 0,2,0,0,0,0,0,0,0,0,0,0,0,0,0,0,0,0,4,0,0,0,0,0,0,0,0,0,0,0,0,0,0,0,0,0,0,0,0,0,0,0,0,0,2,0,0,0,0,0 1 1
84 100,69,64,93,30,93,55,77,46,61,35,50,89,60,26,41,165,105,118,122,84,113,102,64,195,106,29,113,95,56,99,73,36,67,107,66,67,137,214,83,37,95,235,73,84,74,51,129,84,42 NA,NA,NA,NA,NA,NA,NA,NA,NA,NA,NA,NA,NA,NA,NA,NA,NA,NA,NA,NA,NA,NA,NA,NA,NA,NA,NA,NA,NA,NA,NA,NA,NA,NA,NA,NA,NA,NA,NA,NA,NA,NA,NA,NA,NA,NA,NA,NA,NA,NA 90,50,42,38,114,68,140,38,74,66,53,51,38,27,100,178,69,109,39,184,36,148,172,75,70,108,8,112,61,95,57,62,66,272,78,108,87,113,69,53,75,117,32,208,94,48,57,25,120,46 NA,NA,NA,NA,NA,NA,NA,NA,NA,NA,NA,NA,NA,NA,NA,NA,NA,NA,NA,NA,NA,NA,NA,NA,NA,NA,NA,NA,NA,NA,NA,NA,NA,NA,NA,NA,NA,NA,NA,NA,NA,NA,NA,NA,NA,NA,NA,NA,NA,NA 2 0
85 127,111,72,115,22,152,54,88,40,87,19,62,78,56,23,51,200,126,135,123,128,143,126,79,221,141,53,134,109,33,86,82,60,72,114,68,83,102,344,108,56,102,271,107,107,91,50,147,59,77 NA,NA,NA,NA,NA,NA,NA,NA,NA,NA,NA,NA,NA,NA,NA,NA,NA,NA,NA,NA,NA,NA,NA,NA,NA,NA,NA,NA,NA,NA,NA,NA,NA,NA,NA,NA,NA,NA,NA,NA,NA,NA,NA,NA,NA,NA,NA,NA,NA,NA 186,73,67,115,129,162,121,74,52,89,73,66,68,58,107,298,72,138,38,307,67,204,201,91,116,96,44,151,125,119,84,88,77,295,95,124,148,129,122,69,190,173,59,386,94,66,48,22,122,41 NA,NA,NA,NA,NA,NA,NA,NA,NA,NA,NA,NA,NA,NA,NA,NA,NA,NA,NA,NA,NA,NA,NA,NA,NA,NA,NA,NA,NA,NA,NA,NA,NA,NA,NA,NA,NA,NA,NA,NA,NA,NA,NA,NA,NA,NA,NA,NA,NA,NA 2 0
86 0,0,0,0,0,12,38,7,0,5,0,0,0,11,0,0,7,6,7,0,0,0,0,0,19,13,0,11,0,0,0,0,0,6,0,0,0,0,11,0,0,19,4,0,0,0,2,0,0,0 0,0,0,0,0,0,1,0,0,0,0,0,0,0,0,0,0,0,0,0,0,0,0,0,2,0,0,0,0,0,0,0,0,0,0,0,0,0,0,0,0,0,0,0,0,0,0,0,0,0 175,267,51,167,100,103,92,112,76,36,38,46,124,112,328,159,113,231,136,223,69,210,182,91,166,368,45,51,224,86,176,140,43,218,119,76,160,66,157,154,221,78,74,303,75,192,62,142,100,161 9,3,5,3,3,8,6,9,8,0,0,0,13,4,31,9,10,12,10,14,6,9,14,4,16,61,2,3,7,10,13,3,3,19,8,3,8,2,6,4,9,3,0,19,1,9,8,0,5,2 2 1
87 0,0,0,0,0,7,21,4,0,5,0,0,0,6,0,0,7,4,7,0,0,0,0,0,10,9,0,11,0,0,0,0,0,2,0,0,0,0,0,0,0,13,4,0,0,0,0,0,0,0 0,0,0,0,0,0,1,0,0,0,0,0,0,0,0,0,0,0,0,0,0,0,0,0,2,0,0,0,0,0,0,0,0,0,0,0,0,0,0,0,0,0,0,0,0,0,0,0,0,0 114,179,34,113,61,69,54,79,43,27,18,34,73,73,198,110,69,151,81,150,46,133,123,59,105,232,29,30,146,53,106,82,28,125,70,44,101,40,99,107,145,48,41,196,49,122,35,93,69,113 9,3,5,3,3,8,6,9,8,0,0,0,13,4,31,9,10,12,10,14,6,9,14,4,16,61,2,3,7,10,13,3,3,19,8,3,8,2,6,4,9,3,0,19,1,9,8,0,5,2 1 1
88 36,12,202,133,66,168,113,103,90,90,154,49,266,169,271,230,229,258,210,288,122,157,276,238,366,22,236,135,201,161,123,73,3,207,181,7,21,323,451,179,96,12,43,136,332,192,98,130,117,21 230,145,101,114,48,112,114,126,77,67,65,18,145,102,111,99,116,156,130,162,132,158,109,142,187,107,71,132,132,186,128,71,74,109,163,85,159,107,251,83,91,116,212,133,117,111,86,131,66,111 47,21,153,123,79,438,71,141,31,85,149,63,158,85,399,172,40,116,176,206,55,168,39,228,64,32,155,189,293,23,109,77,9,535,246,5,6,141,173,710,28,24,16,130,182,110,77,97,49,24 325,81,42,147,87,178,76,22,30,97,109,26,53,33,137,62,12,46,46,152,32,216,19,123,26,147,36,122,76,53,141,98,82,184,120,43,42,79,91,220,40,159,89,188,84,44,45,76,10,49 2 1
89 NA,NA,NA,NA,NA,NA,NA,NA,NA,NA,NA,NA,NA,NA,NA,NA,NA,NA,NA,NA,NA,NA,NA,NA,NA,NA,NA,NA,NA,NA,NA,NA,NA,NA,NA,NA,NA,NA,NA,NA,NA,NA,NA,NA,NA,NA,NA,NA,NA,NA NA,NA,NA,NA,NA,NA,NA,NA,NA,NA,NA,NA,NA,NA,NA,NA,NA,NA,NA,NA,NA,NA,NA,NA,NA,NA,NA,NA,NA,NA,NA,NA,NA,NA,NA,NA,NA,NA,NA,NA,NA,NA,NA,NA,NA,NA,NA,NA,NA,NA NA,NA,NA,NA,NA,NA,NA,NA,NA,NA,NA,NA,NA,NA,NA,NA,NA,NA,NA,NA,NA,NA,NA,NA,NA,NA,NA,NA,NA,NA,NA,NA,NA,NA,NA,NA,NA,NA,NA,NA,NA,NA,NA,NA,NA,NA,NA,NA,NA,NA NA,NA,NA,NA,NA,NA,NA,NA,NA,NA,NA,NA,NA,NA,NA,NA,NA,NA,NA,NA,NA,NA,NA,NA,NA,NA,NA,NA,NA,NA,NA,NA,NA,NA,NA,NA,NA,NA,NA,NA,NA,NA,NA,NA,NA,NA,NA,NA,NA,NA 0 0
90 NA,NA,NA,NA,NA,NA,NA,NA,NA,NA,NA,NA,NA,NA,NA,NA,NA,NA,NA,NA,NA,NA,NA,NA,NA,NA,NA,NA,NA,NA,NA,NA,NA,NA,NA,NA,NA,NA,NA,NA,NA,NA,NA,NA,NA,NA,NA,NA,NA,NA NA,NA,NA,NA,NA,NA,NA,NA,NA,NA,NA,NA,NA,NA,NA,NA,NA,NA,NA,NA,NA,NA,NA,NA,NA,NA,NA,NA,NA,NA,NA,NA,NA,NA,NA,NA,NA,NA,NA,NA,NA,NA,NA,NA,NA,NA,NA,NA,NA,NA NA,NA,NA,NA,NA,NA,NA,NA,NA,NA,NA,NA,NA,NA,NA,NA,NA,NA,NA,NA,NA,NA,NA,NA,NA,NA,NA,NA,NA,NA,NA,NA,NA,NA,NA,NA,NA,NA,NA,NA,NA,NA,NA,NA,NA,NA,NA,NA,NA,NA NA,NA,NA,NA,NA,NA,NA,NA,NA,NA,NA,NA,NA,NA,NA,NA,NA,NA,NA,NA,NA,NA,NA,NA,NA,NA,NA,NA,NA,NA,NA,NA,NA,NA,NA,NA,NA,NA,NA,NA,NA,NA,NA,NA,NA,NA,NA,NA,NA,NA 0 0
91 330,216,394,347,160,311,312,270,200,179,195,90,506,348,404,370,416,462,396,454,347,322,380,391,724,180,363,307,318,287,317,181,111,338,309,132,202,416,1204,292,175,175,416,273,467,368,233,289,194,198 NA,NA,NA,NA,NA,NA,NA,NA,NA,NA,NA,NA,NA,NA,NA,NA,NA,NA,NA,NA,NA,NA,NA,NA,NA,NA,NA,NA,NA,NA,NA,NA,NA,NA,NA,NA,NA,NA,NA,NA,NA,NA,NA,NA,NA,NA,NA,NA,NA,NA 494,171,206,339,297,693,165,162,75,184,269,91,197,144,520,225,54,146,175,425,84,442,66,396,88,246,149,265,365,85,320,268,136,644,368,85,49,276,256,880,98,255,88,360,318,218,170,215,56,127 NA,NA,NA,NA,NA,NA,NA,NA,NA,NA,NA,NA,NA,NA,NA,NA,NA,NA,NA,NA,NA,NA,NA,NA,NA,NA,NA,NA,NA,NA,NA,NA,NA,NA,NA,NA,NA,NA,NA,NA,NA,NA,NA,NA,NA,NA,NA,NA,NA,NA 2 0
92 0,58,0,25,27,0,34,26,19,0,0,0,0,0,0,0,0,0,0,0,0,0,0,0,0,77,0,46,0,0,46,16,43,0,52,40,26,0,0,0,16,20,155,28,0,0,22,52,0,36 NA,NA,NA,NA,NA,NA,NA,NA,NA,NA,NA,NA,NA,NA,NA,NA,NA,NA,NA,NA,NA,NA,NA,NA,NA,NA,NA,NA,NA,NA,NA,NA,NA,NA,NA,NA,NA,NA,NA,NA,NA,NA,NA,NA,NA,NA,NA,NA,NA,NA 0,45,0,56,52,0,44,0,13,0,0,0,0,0,0,0,0,0,0,0,0,0,2,0,0,167,0,50,0,0,15,49,66,0,40,38,12,0,0,0,8,0,68,60,0,0,0,21,0,31 NA,NA,NA,NA,NA,NA,NA,NA,NA,NA,NA,NA,NA,NA,NA,NA,NA,NA,NA,NA,NA,NA,NA,NA,NA,NA,NA,NA,NA,NA,NA,NA,NA,NA,NA,NA,NA,NA,NA,NA,NA,NA,NA,NA,NA,NA,NA,NA,NA,NA 2 0
93 0,30,0,11,10,0,21,11,11,0,0,0,0,0,0,0,0,0,0,0,0,0,0,0,0,33,0,18,0,0,17,8,16,0,19,19,17,0,0,0,9,9,72,12,0,0,10,20,0,21 138,27,179,99,53,102,124,75,85,83,92,42,195,154,174,174,173,187,191,204,148,143,181,194,278,27,146,100,145,161,111,59,15,181,126,21,56,179,320,136,62,56,64,112,190,143,70,104,97,58 0,27,0,30,29,0,25,0,4,0,0,0,0,0,0,0,0,0,0,0,0,0,0,0,0,80,0,21,0,0,9,25,38,0,20,21,8,0,0,0,5,0,37,25,0,0,0,10,0,14 235,24,86,85,91,245,72,84,40,88,99,36,78,61,249,83,22,84,102,206,32,223,32,230,53,10,52,105,146,39,132,74,17,280,150,6,17,117,109,388,20,94,20,125,131,77,55,76,38,16 1 1
94 NA,NA,NA,NA,NA,NA,NA,NA,NA,NA,NA,NA,NA,NA,NA,NA,NA,NA,NA,NA,NA,NA,NA,NA,NA,NA,NA,NA,NA,NA,NA,NA,NA,NA,NA,NA,NA,NA,NA,NA,NA,NA,NA,NA,NA,NA,NA,NA,NA,NA NA,NA,NA,NA,NA,NA,NA,NA,NA,NA,NA,NA,NA,NA,NA,NA,NA,NA,NA,NA,NA,NA,NA,NA,NA,NA,NA,NA,NA,NA,NA,NA,NA,NA,NA,NA,NA,NA,NA,NA,NA,NA,NA,NA,NA,NA,NA,NA,NA,NA NA,NA,NA,NA,NA,NA,NA,NA,NA,NA,NA,NA,NA,NA,NA,NA,NA,NA,NA,NA,NA,NA,NA,NA,NA,NA,NA,NA,NA,NA,NA,NA,NA,NA,NA,NA,NA,NA,NA,NA,NA,NA,NA,NA,NA,NA,NA,NA,NA,NA NA,NA,NA,NA,NA,NA,NA,NA,NA,NA,NA,NA,NA,NA,NA,NA,NA,NA,NA,NA,NA,NA,NA,NA,NA,NA,NA,NA,NA,NA,NA,NA,NA,NA,NA,NA,NA,NA,NA,NA,NA,NA,NA,NA,NA,NA,NA,NA,NA,NA 0 0
95 5,58,0,26,29,4,27,35,19,3,0,0,0,0,0,0,0,5,7,3,0,0,3,0,0,79,4,56,4,0,45,18,41,0,52,45,33,6,3,0,16,28,150,34,0,0,26,44,0,33 NA,NA,NA,NA,NA,NA,NA,NA,NA,NA,NA,NA,NA,NA,NA,NA,NA,NA,NA,NA,NA,NA,NA,NA,NA,NA,NA,NA,NA,NA,NA,NA,NA,NA,NA,NA,NA,NA,NA,NA,NA,NA,NA,NA,NA,NA,NA,NA,NA,NA 0,38,0,75,48,4,40,0,15,2,0,0,0,0,2,3,0,4,4,4,0,0,2,0,0,153,0,50,3,0,20,50,52,4,43,35,15,0,5,0,10,0,57,64,4,4,8,22,0,47 NA,NA,NA,NA,NA,NA,NA,NA,NA,NA,NA,NA,NA,NA,NA,NA,NA,NA,NA,NA,NA,NA,NA,NA,NA,NA,NA,NA,NA,NA,NA,NA,NA,NA,NA,NA,NA,NA,NA,NA,NA,NA,NA,NA,NA,NA,NA,NA,NA,NA 2 0
96 5,30,0,12,12,4,14,20,11,3,0,0,0,0,0,0,0,5,7,3,0,0,3,0,0,35,4,28,4,0,16,10,14,0,19,24,24,6,3,0,9,17,67,18,0,0,14,12,0,18 138,27,179,99,53,102,124,75,85,83,92,42,195,154,174,174,173,187,191,204,148,143,181,194,278,27,146,100,145,161,111,59,15,181,126,21,56,179,320,136,62,56,64,112,190,143,70,104,97,58 0,20,0,49,25,4,21,0,6,2,0,0,0,0,2,3,0,4,4,4,0,0,0,0,0,66,0,21,3,0,14,26,24,4,23,18,11,0,5,0,7,0,26,29,4,4,8,11,0,30 235,24,86,85,91,245,72,84,40,88,99,36,78,61,249,83,22,84,102,206,32,223,32,230,53,10,52,105,146,39,132,74,17,280,150,6,17,117,109,388,20,94,20,125,131,77,55,76,38,16 1 1
97 0,0,0,0,0,0,0,0,0,5,0,2,8,0,0,2,4,0,7,5,0,0,0,0,0,0,0,0,3,0,0,0,0,0,0,0,0,3,0,0,0,0,0,0,0,0,0,0,0,0 3,0,3,4,3,5,7,6,14,9,0,0,9,0,11,0,14,5,0,18,12,4,5,6,6,0,0,5,0,10,16,9,3,5,0,5,4,7,19,0,3,7,16,11,15,6,7,9,0,4 0,0,4,0,5,2,0,0,0,0,0,3,3,0,5,0,0,0,0,2,0,0,0,0,0,0,0,3,8,0,0,0,0,10,0,0,0,0,0,7,6,3,0,10,2,0,0,0,0,0 23,7,4,8,0,19,2,13,0,6,4,0,5,4,26,18,14,6,3,10,0,3,0,0,8,25,2,8,3,2,5,5,4,10,0,0,4,3,22,14,5,9,0,30,3,0,9,8,2,0 1 1
98 NA,NA,NA,NA,NA,NA,NA,NA,NA,NA,NA,NA,NA,NA,NA,NA,NA,NA,NA,NA,NA,NA,NA,NA,NA,NA,NA,NA,NA,NA,NA,NA,NA,NA,NA,NA,NA,NA,NA,NA,NA,NA,NA,NA,NA,NA,NA,NA,NA,NA NA,NA,NA,NA,NA,NA,NA,NA,NA,NA,NA,NA,NA,NA,NA,NA,NA,NA,NA,NA,NA,NA,NA,NA,NA,NA,NA,NA,NA,NA,NA,NA,NA,NA,NA,NA,NA,NA,NA,NA,NA,NA,NA,NA,NA,NA,NA,NA,NA,NA NA,NA,NA,NA,NA,NA,NA,NA,NA,NA,NA,NA,NA,NA,NA,NA,NA,NA,NA,NA,NA,NA,NA,NA,NA,NA,NA,NA,NA,NA,NA,NA,NA,NA,NA,NA,NA,NA,NA,NA,NA,NA,NA,NA,NA,NA,NA,NA,NA,NA NA,NA,NA,NA,NA,NA,NA,NA,NA,NA,NA,NA,NA,NA,NA,NA,NA,NA,NA,NA,NA,NA,NA,NA,NA,NA,NA,NA,NA,NA,NA,NA,NA,NA,NA,NA,NA,NA,NA,NA,NA,NA,NA,NA,NA,NA,NA,NA,NA,NA 0 0
99 NA,NA,NA,NA,NA,NA,NA,NA,NA,NA,NA,NA,NA,NA,NA,NA,NA,NA,NA,NA,NA,NA,NA,NA,NA,NA,NA,NA,NA,NA,NA,NA,NA,NA,NA,NA,NA,NA,NA,NA,NA,NA,NA,NA,NA,NA,NA,NA,NA,NA NA,NA,NA,NA,NA,NA,NA,NA,NA,NA,NA,NA,NA,NA,NA,NA,NA,NA,NA,NA,NA,NA,NA,NA,NA,NA,NA,NA,NA,NA,NA,NA,NA,NA,NA,NA,NA,NA,NA,NA,NA,NA,NA,NA,NA,NA,NA,NA,NA,NA NA,NA,NA,NA,NA,NA,NA,NA,NA,NA,NA,NA,NA,NA,NA,NA,NA,NA,NA,NA,NA,NA,NA,NA,NA,NA,NA,NA,NA,NA,NA,NA,NA,NA,NA,NA,NA,NA,NA,NA,NA,NA,NA,NA,NA,NA,NA,NA,NA,NA NA,NA,NA,NA,NA,NA,NA,NA,NA,NA,NA,NA,NA,NA,NA,NA,NA,NA,NA,NA,NA,NA,NA,NA,NA,NA,NA,NA,NA,NA,NA,NA,NA,NA,NA,NA,NA,NA,NA,NA,NA,NA,NA,NA,NA,NA,NA,NA,NA,NA 0 0
100 3,0,3,4,3,5,7,6,14,9,0,0,9,0,15,0,18,5,0,18,12,4,5,6,6,0,0,5,0,10,16,9,3,5,0,5,7,7,19,0,3,7,16,11,15,9,7,12,0,4 NA,NA,NA,NA,NA,NA,NA,NA,NA,NA,NA,NA,NA,NA,NA,NA,NA,NA,NA,NA,NA,NA,NA,NA,NA,NA,NA,NA,NA,NA,NA,NA,NA,NA,NA,NA,NA,NA,NA,NA,NA,NA,NA,NA,NA,NA,NA,NA,NA,NA 29,7,4,8,0,19,2,13,0,6,4,0,5,4,29,21,14,6,3,10,0,3,0,0,10,25,2,8,3,2,5,5,4,14,1,0,4,3,27,14,5,9,0,35,3,0,9,10,2,0 NA,NA,NA,NA,NA,NA,NA,NA,NA,NA,NA,NA,NA,NA,NA,NA,NA,NA,NA,NA,NA,NA,NA,NA,NA,NA,NA,NA,NA,NA,NA,NA,NA,NA,NA,NA,NA,NA,NA,NA,NA,NA,NA,NA,NA,NA,NA,NA,NA,NA 2 0
